
 [['날짜', '시가', '고가', '저가', '종가', '거래량', '외국인소진율'],

	
	
		
["20240102", 18900, 18910, 18700, 18840, 773155, 14.07],
		
["20240103", 18800, 19450, 18740, 19250, 2051242, 14.13],
		
["20240104", 19150, 19150, 18810, 18810, 980394, 14.1],
		
["20240105", 18800, 18930, 18640, 18840, 583559, 14.09],
		
["20240108", 18850, 18910, 18550, 18550, 591289, 14.09],
		
["20240109", 18750, 19240, 18720, 19140, 1753456, 14.12],
		
["20240110", 19070, 19090, 18820, 18890, 671010, 14.1],
		
["20240111", 19030, 19060, 18640, 18640, 880855, 14.11],
		
["20240112", 18670, 18790, 18540, 18670, 563259, 14.09],
		
["20240115", 18730, 18900, 18660, 18690, 561589, 14.12],
		
["20240116", 18750, 19490, 18750, 19240, 2467333, 14.2],
		
["20240117", 19200, 19390, 18980, 18980, 1470742, 14.15],
		
["20240118", 19000, 19090, 18710, 18720, 968473, 14.11],
		
["20240119", 18750, 18760, 17970, 18030, 3019410, 13.93],
		
["20240122", 18110, 18540, 18070, 18430, 1219991, 13.97],
		
["20240123", 18560, 18570, 18140, 18270, 973471, 13.93],
		
["20240124", 18270, 18450, 18260, 18390, 874907, 13.99],
		
["20240125", 18390, 19160, 18280, 19160, 1987949, 14.08],
		
["20240126", 18960, 19280, 18910, 19200, 1053749, 14.13],
		
["20240129", 19230, 19970, 19140, 19920, 3183607, 14.25],
		
["20240130", 19870, 19880, 19400, 19600, 1661595, 14.24],
		
["20240131", 19510, 19780, 19380, 19770, 1202685, 14.23],
		
["20240201", 19720, 20550, 19660, 20400, 3649060, 14.27],
		
["20240202", 20300, 20550, 20050, 20350, 1451371, 14.29],
		
["20240205", 20400, 20400, 19910, 20200, 1313690, 14.3],
		
["20240206", 20100, 20500, 20000, 20400, 1073152, 14.31],
		
["20240207", 20550, 20900, 20400, 20850, 1753630, 14.32],
		
["20240208", 20850, 20950, 20400, 20400, 1591986, 14.35],
		
["20240213", 20550, 21350, 20550, 21300, 2520800, 14.43],
		
["20240214", 21000, 21700, 20900, 21100, 2195133, 14.47],
		
["20240215", 21250, 21300, 20700, 20700, 1161158, 14.48],
		
["20240216", 20750, 21350, 20700, 21100, 1271429, 14.49],
		
["20240219", 21700, 23350, 21550, 23200, 10791549, 14.75],
		
["20240220", 23300, 23950, 22550, 23400, 5797991, 14.74],
		
["20240221", 23150, 23400, 22750, 22900, 2309678, 14.74],
		
["20240222", 22850, 23350, 22650, 23050, 2411195, 14.71],
		
["20240223", 23150, 23850, 22950, 23550, 4262887, 14.63],
		
["20240226", 24100, 24950, 22800, 24850, 11931119, 14.74],
		
["20240227", 24550, 24800, 24100, 24200, 3338323, 14.67],
		
["20240228", 24050, 24900, 23600, 24500, 4041469, 14.58],
		
["20240229", 24550, 25100, 24450, 24800, 3281702, 14.53],
		
["20240304", 24800, 24850, 24300, 24750, 2841632, 14.59],
		
["20240305", 24600, 24650, 24100, 24450, 2130723, 14.62],
		
["20240306", 24250, 25000, 24250, 24650, 2543960, 14.58],
		
["20240307", 24800, 24800, 24050, 24200, 1827533, 14.62],
		
["20240308", 24300, 24350, 23200, 24000, 3269503, 14.72],
		
["20240311", 24000, 24100, 23550, 24000, 1517672, 14.73],
		
["20240312", 24000, 24050, 23250, 23750, 1686518, 14.71],
		
["20240313", 23850, 24200, 23350, 24000, 2056972, 14.73],
		
["20240314", 24150, 25450, 24100, 24800, 6392314, 14.89],
		
["20240315", 24850, 25250, 24600, 24850, 2905291, 14.85],
		
["20240318", 24850, 24900, 24100, 24300, 2335423, 14.85],
		
["20240319", 24000, 24050, 22150, 22400, 6428557, 14.9],
		
["20240320", 22450, 22700, 21850, 22300, 3103981, 14.95],
		
["20240321", 22500, 23100, 22500, 22850, 2693244, 14.94],
		
["20240322", 22750, 23300, 22700, 22800, 1440910, 14.97],
		
["20240325", 22800, 22900, 21850, 22350, 2966690, 15.1],
		
["20240326", 22450, 22700, 21700, 22100, 2879390, 15.18],
		
["20240327", 21900, 22250, 21800, 22150, 1368013, 15.18],
		
["20240328", 22350, 22400, 22000, 22100, 1124920, 15.17],
		
["20240329", 22350, 22400, 21900, 22000, 1191176, 15.15],
		
["20240401", 22000, 22150, 21750, 22100, 1005932, 15.14],
		
["20240402", 21850, 21950, 21400, 21550, 1978925, 15.15],
		
["20240403", 21450, 21550, 21100, 21350, 1534977, 15.21],
		
["20240404", 21550, 22100, 21450, 21750, 2141669, 15.22],
		
["20240405", 21500, 21850, 21400, 21600, 962461, 15.26],
		
["20240408", 21700, 22500, 21450, 22250, 2365677, 15.26],
		
["20240409", 22250, 22500, 22000, 22150, 1491157, 15.26],
		
["20240411", 21900, 22500, 21150, 21300, 3400061, 15.36],
		
["20240412", 21250, 21250, 20100, 20200, 4156035, 15.4],
		
["20240415", 20000, 21000, 20000, 20900, 2432691, 15.47],
		
["20240416", 20850, 21350, 20250, 20450, 1820396, 15.43],
		
["20240417", 20600, 20650, 19760, 19770, 2320298, 15.38],
		
["20240418", 20050, 20850, 20050, 20400, 1875760, 15.41],
		
["20240419", 20150, 20350, 19760, 20150, 1759643, 15.37],
		
["20240422", 20350, 21100, 20350, 20900, 1728574, 15.37],
		
["20240423", 20850, 21650, 20750, 21450, 1940506, 15.32],
		
["20240424", 21250, 21300, 20750, 20900, 1846646, 15.23],
		
["20240425", 20900, 21100, 20850, 20900, 776057, 15.22],
		
["20240426", 21000, 21100, 20850, 21050, 714395, 15.2],
		
["20240429", 21250, 21500, 20950, 21300, 1126992, 15.2],
		
["20240430", 21200, 21450, 20900, 21150, 1506317, 15.18],
		
["20240502", 21200, 21700, 21000, 21350, 1262306, 15.19],
		
["20240503", 21350, 21400, 21150, 21250, 686049, 15.17],
		
["20240507", 21450, 21950, 21350, 21850, 1366953, 15.19],
		
["20240508", 21850, 21950, 21450, 21500, 1157969, 15.14],
		
["20240509", 21650, 22600, 21650, 21800, 3064229, 15.14],
		
["20240510", 22150, 22850, 20250, 20600, 7861913, 15.05],
		
["20240513", 20600, 20650, 19320, 19380, 9401650, 14.78],
		
["20240514", 19420, 19790, 19390, 19690, 2669709, 14.72],
		
["20240516", 19840, 20100, 19610, 19630, 3125549, 14.67],
		
["20240517", 19640, 19880, 19640, 19800, 1401898, 14.69],
		
["20240520", 19930, 20150, 19870, 20000, 1453490, 14.69],
		
["20240521", 19970, 20100, 19760, 19990, 1573442, 14.71],
		
["20240522", 20050, 20250, 19950, 20100, 1431445, 14.77],
		
["20240523", 20050, 20300, 19960, 19990, 1515224, 14.78],
		
["20240524", 19810, 19880, 19650, 19660, 1590476, 14.73],
		
["20240527", 19710, 19990, 19710, 19800, 1310078, 14.73],
		
["20240528", 19860, 19940, 19750, 19800, 951042, 14.72],
		
["20240529", 19720, 19850, 19490, 19580, 1709809, 14.67],
		
["20240530", 19460, 19600, 19010, 19070, 1857424, 14.63],
		
["20240531", 19250, 19550, 19130, 19450, 1948723, 14.62],
		
["20240603", 19640, 20800, 19590, 20300, 5380353, 14.73],
		
["20240604", 20350, 20350, 19830, 20000, 2413157, 14.72],
		
["20240605", 20050, 20250, 19950, 20150, 1335847, 14.76],
		
["20240607", 20100, 20350, 19900, 19990, 1363862, 14.76],
		
["20240610", 19840, 19930, 19560, 19760, 1677932, 14.74],
		
["20240611", 19910, 20350, 19720, 19800, 1445810, 14.73],
		
["20240612", 19750, 19880, 19650, 19830, 1277670, 14.74],
		
["20240613", 19840, 20100, 19660, 19660, 2669576, 14.76],
		
["20240614", 19700, 19860, 19610, 19740, 1823734, 14.81],
		
["20240617", 19820, 19950, 19700, 19740, 1265562, 14.82],
		
["20240618", 19760, 19930, 19720, 19840, 1600534, 14.85],
		
["20240619", 19880, 20150, 19850, 20100, 1444501, 14.87],
		
["20240620", 20100, 20200, 19980, 20100, 1070108, 14.9],
		
["20240621", 20000, 20100, 19100, 19280, 4201870, 14.77],
		
["20240624", 19320, 19380, 19140, 19350, 1286065, 14.79],
		
["20240625", 19420, 19500, 19270, 19350, 884995, 14.79],
		
["20240626", 19300, 19390, 19180, 19370, 1064026, 14.78],
		
["20240627", 19230, 19590, 19210, 19300, 1185950, 14.81],
		
["20240628", 19370, 19640, 19360, 19570, 1216772, 14.85],
		
["20240701", 19540, 19610, 19410, 19530, 829499, 14.82],
		
["20240702", 19410, 19520, 19170, 19250, 1578112, 14.77],
		
["20240703", 19300, 19310, 19200, 19210, 847614, 14.76],
		
["20240704", 19270, 19350, 19220, 19340, 664020, 14.76],
		
["20240705", 19320, 19600, 19310, 19510, 1512491, 14.8],
		
["20240708", 19510, 19890, 19460, 19800, 1637506, 14.83],
		
["20240709", 19850, 19950, 19700, 19830, 1141861, 14.83],
		
["20240710", 19920, 19920, 19640, 19670, 1075212, 14.79],
		
["20240711", 19800, 19860, 19570, 19830, 1304530, 14.81],
		
["20240712", 19820, 20300, 19660, 19760, 2038482, 14.77],
		
["20240715", 19860, 19950, 19620, 19620, 1149661, 14.74],
		
["20240716", 19650, 19800, 19470, 19590, 827168, 14.73],
		
["20240717", 19600, 19720, 19560, 19580, 1102357, 14.72],
		
["20240718", 20050, 20400, 19550, 19610, 3633959, 14.69],
		
["20240719", 19570, 19800, 19540, 19720, 1047139, 14.72],
		
["20240722", 19730, 19730, 19500, 19520, 986049, 14.69],
		
["20240723", 19530, 19610, 19320, 19320, 925398, 14.69],
		
["20240724", 19260, 19480, 19250, 19350, 659995, 14.7],
		
["20240725", 19420, 19520, 19350, 19380, 849023, 14.72],
		
["20240726", 19380, 19680, 19380, 19570, 997310, 14.73],
		
["20240729", 19680, 19790, 19600, 19670, 1537543, 14.72],
		
["20240730", 19620, 19740, 19570, 19610, 1077940, 14.71],
		
["20240731", 19690, 19770, 19590, 19750, 1323484, 14.69],
		
["20240801", 19710, 20350, 19690, 20200, 2669816, 14.78],
		
["20240802", 20050, 20350, 19670, 19700, 2177058, 14.7],
		
["20240805", 19600, 19610, 18190, 18400, 3686735, 14.56],
		
["20240806", 18800, 19300, 18550, 19000, 2558803, 14.63],
		
["20240807", 18810, 19680, 18780, 19490, 1780310, 14.71],
		
["20240808", 19350, 19500, 19130, 19190, 1357140, 14.7],
		
["20240809", 19410, 19410, 19020, 19040, 1467853, 14.64],
		
["20240812", 19120, 19370, 19060, 19300, 629507, 14.64],
		
["20240813", 19170, 19300, 19130, 19240, 672448, 14.64],
		
["20240814", 19340, 19340, 19170, 19260, 669926, 14.64],
		
["20240816", 19400, 19480, 19260, 19270, 813644, 14.64],
		
["20240819", 19250, 19400, 19180, 19220, 695956, 14.63],
		
["20240820", 19300, 19990, 19250, 19970, 2542279, 14.71],
		
["20240821", 19950, 21200, 19890, 21000, 5538135, 14.88],
		
["20240822", 21150, 21300, 20700, 21050, 2700856, 14.89],
		
["20240823", 21000, 21300, 20900, 21200, 1706057, 14.92],
		
["20240826", 21250, 22300, 21150, 22100, 5259084, 14.99],
		
["20240827", 22050, 22850, 21900, 22750, 4545948, 15.04],
		
["20240828", 22750, 22950, 22500, 22550, 3021971, 15.06],
		
["20240829", 22350, 22550, 21900, 22250, 2762969, 15.07],
		
["20240830", 22150, 22350, 21300, 21700, 3678854, 15.06],
		
["20240902", 21600, 21850, 21100, 21400, 1486956, 15.09],
		
["20240903", 21450, 22350, 21450, 21800, 2067773, 15.09],
		
["20240904", 21500, 22500, 21450, 21800, 2971274, 15.06],
		
["20240905", 22000, 22600, 21900, 22300, 2954622, 15.02],
		
["20240906", 22300, 22500, 21850, 21900, 1854198, 15.02],
		
["20240909", 21550, 22050, 21250, 21750, 1044509, 15.05],
		
["20240910", 21750, 21850, 21550, 21600, 1315051, 15.06],
		
["20240911", 21900, 22250, 21600, 21750, 1682536, 15.01],
		
["20240912", 21800, 22050, 21550, 21950, 2082455, 15.09],
		
["20240913", 22000, 22300, 21950, 22250, 1018545, 15.1],
		
["20240919", 22550, 22650, 21700, 22200, 1878362, 15.08],
		
["20240920", 22200, 22250, 21750, 21950, 2066513, 15.12],
		
["20240923", 20750, 21150, 20000, 20100, 6018913, 15.02],
		
["20240924", 20200, 20300, 19920, 20100, 2179831, 15.03],
		
["20240925", 20250, 20400, 19840, 19840, 2120966, 15.0],
		
["20240926", 19930, 20400, 19930, 20350, 1657220, 15.05],
		
["20240927", 20450, 21000, 20200, 20800, 2492907, 15.09],
		
["20240930", 20800, 20950, 20500, 20550, 1121399, 15.07],
		
["20241002", 20300, 20450, 20000, 20050, 1240997, 15.04],
		
["20241004", 20100, 20250, 19980, 20200, 780316, 15.06],
		
["20241007", 20100, 20150, 19630, 19980, 1640378, 15.04],
		
["20241008", 19940, 20200, 19870, 19950, 868749, 15.05],
		
["20241010", 20100, 20100, 19850, 19850, 1333600, 15.01],
		
["20241011", 19870, 19980, 19780, 19850, 935400, 14.99],
		
["20241014", 19860, 20550, 19860, 20550, 1393577, 15.01],
		
["20241015", 20650, 20950, 20450, 20600, 1161191, 15.01],
		
["20241016", 20500, 20750, 20500, 20650, 734533, 15.0],
		
["20241017", 20700, 20900, 20450, 20650, 1028613, 14.98],
		
["20241018", 20750, 21150, 20450, 21050, 1586670, 14.98],
		
["20241021", 21150, 21600, 21000, 21250, 1809347, 15.01],
		
["20241022", 21350, 21950, 21300, 21800, 2461729, 15.05],
		
["20241023", 21900, 23550, 21500, 21950, 9061287, 15.1],
		
["20241024", 22250, 23250, 22200, 23050, 5497098, 15.33],
		
["20241025", 22850, 23350, 22550, 22800, 2791811, 15.34],
		
["20241028", 22950, 23200, 22600, 22800, 1773516, 15.3],
		
["20241029", 22900, 23250, 22700, 23050, 2361322, 15.3],
		
["20241030", 22900, 23150, 22800, 22950, 1849732, 15.3],
		
["20241031", 22650, 23200, 22300, 23100, 2601617, 15.36],
		
["20241101", 23000, 23300, 22900, 23050, 1217875, 15.39],
		
["20241104", 23050, 23200, 22850, 23100, 1545425, 15.46],
		
["20241105", 23000, 23150, 22850, 23050, 826743, 15.5],
		
["20241106", 23050, 23100, 22500, 23000, 1313235, 15.54],
		
["20241107", 22800, 23100, 22550, 22800, 1521222, 15.57],
		
["20241108", 22900, 22900, 21850, 22200, 1999887, 15.58],
		
["20241111", 22050, 22500, 22050, 22250, 1004383, 15.61],
		
["20241112", 22100, 22200, 21350, 21500, 1750325, 15.65],
		
["20241113", 21400, 22800, 21150, 22200, 3522813, 15.58],
		
["20241114", 22450, 23450, 22350, 23100, 4590438, 15.75],
		
["20241115", 23150, 23300, 22550, 22600, 2372874, 15.66],
		
["20241118", 22800, 23650, 22800, 23600, 3334278, 15.83],
		
["20241119", 23600, 24100, 23300, 23950, 2666033, 15.86],
		
["20241120", 23800, 24000, 23550, 23700, 1053216, 15.85],
		
["20241121", 23600, 24000, 23450, 23650, 1185469, 15.85],
		
["20241122", 23800, 24000, 23550, 23750, 1037605, 15.86],
		
["20241125", 23800, 24200, 23500, 23750, 2479214, 15.87],
		
["20241126", 23800, 24600, 23800, 24400, 3576938, 16.02],
		
["20241127", 24300, 24500, 24100, 24300, 1414542, 16.0],
		
["20241128", 24250, 24450, 23950, 24250, 1035899, 15.98],
		
["20241129", 24250, 24350, 23750, 23900, 1694089, 15.96],
		
["20241202", 24250, 24400, 23900, 24100, 1350602, 16.0],
		
["20241203", 24100, 24250, 23550, 23800, 1960150, 16.02],
		
["20241204", 23000, 23450, 21300, 21700, 8835581, 15.83],
		
["20241205", 21750, 22000, 21300, 21650, 2115376, 15.84],
		
["20241206", 21700, 22000, 20750, 21250, 2829447, 15.89],
		
["20241209", 21000, 21250, 20450, 20900, 2010349, 15.91],
		
["20241210", 21000, 21550, 20950, 21400, 1601929, 15.91],
		
["20241211", 21600, 21600, 21250, 21450, 933777, 15.89],
		
["20241212", 21450, 21800, 21050, 21150, 2340214, 15.88],
		
["20241213", 21250, 21500, 21050, 21350, 1115002, 15.87],
		
["20241216", 21500, 21850, 21450, 21550, 1126990, 15.85],
		
["20241217", 21600, 21750, 21150, 21300, 1264645, 15.82],
		
["20241218", 21400, 21400, 21000, 21300, 1423546, 15.81],
		
["20241219", 20950, 21000, 20400, 20600, 2281302, 15.74],
		
["20241220", 20650, 20750, 20250, 20300, 1462786, 15.7],
		
["20241223", 20450, 20750, 20200, 20700, 1094287, 15.71],
		
["20241224", 20650, 20700, 20400, 20550, 784465, 15.71],
		
["20241226", 20500, 20600, 20300, 20400, 791883, 15.72],
		
["20241227", 20250, 20350, 19830, 20000, 1841452, 15.71],
		
["20241230", 20000, 20500, 20000, 20050, 952798, 15.72],
		
["20250102", 20050, 20050, 19400, 19560, 2127882, 15.66],
		
["20250103", 19590, 20100, 19580, 20000, 1308102, 15.7],
		
["20250106", 20050, 20100, 19880, 19980, 1728811, 15.71],
		
["20250107", 19980, 20550, 19940, 20450, 1696531, 15.79],
		
["20250108", 20250, 20500, 20100, 20450, 1100398, 15.8],
		
["20250109", 20350, 20400, 20100, 20300, 2030747, 15.76],
		
["20250110", 20200, 20600, 20150, 20400, 1036168, 15.78],
		
["20250113", 20300, 20400, 20100, 20150, 963122, 15.75],
		
["20250114", 20200, 20550, 20100, 20150, 1371283, 15.79],
		
["20250115", 20300, 20500, 20100, 20400, 1184187, 15.82],
		
["20250116", 20500, 20550, 20150, 20250, 1099328, 15.79],
		
["20250117", 20400, 20850, 20400, 20750, 2146865, 15.86],
		
["20250120", 20750, 20900, 20600, 20750, 865294, 15.86],
		
["20250121", 20900, 21350, 20850, 21200, 1664631, 15.88],
		
["20250122", 21300, 21400, 20950, 21000, 1072444, 15.85],
		
["20250123", 21000, 21050, 20600, 20800, 996634, 15.88],
		
["20250124", 20800, 21050, 20650, 21000, 768592, 15.9],
		
["20250131", 21250, 21250, 20800, 21050, 805990, 15.9],
		
["20250203", 20850, 20850, 20450, 20650, 1088094, 15.89],
		
["20250204", 20800, 20900, 20550, 20650, 1031303, 15.88],
		
["20250205", 20700, 21150, 20650, 21050, 1226805, 15.93],
		
["20250206", 21200, 21300, 21000, 21200, 895892, 15.92],
		
["20250207", 21050, 21100, 20750, 20750, 988722, 15.89],
		
["20250210", 20750, 20900, 20650, 20700, 793476, 15.88],
		
["20250211", 20700, 20900, 20550, 20650, 869389, 15.86],
		
["20250212", 20700, 20750, 20500, 20650, 933552, 15.89],
		
["20250213", 20650, 20750, 20550, 20700, 1224800, 15.87],
		
["20250214", 20700, 21150, 20650, 21100, 1445490, 15.91],
		
["20250217", 21050, 21300, 21000, 21200, 940869, 15.92],
		
["20250218", 21250, 21300, 20950, 21200, 1080543, 15.94],
		
["20250219", 21200, 21450, 21150, 21250, 1395953, 15.94],
		
["20250220", 21150, 21950, 21100, 21900, 2251248, 15.96],
		
["20250221", 21950, 22350, 21750, 21900, 1489253, 15.96],
		
["20250224", 21800, 22100, 21700, 22050, 1035684, 15.96],
		
["20250225", 21850, 23350, 21800, 22950, 3867077, 16.02],
		
["20250226", 23000, 23700, 22800, 23500, 2707503, 16.03],
		
["20250227", 23350, 23500, 22900, 23350, 1881784, 16.05],
		
["20250228", 22800, 22950, 21050, 21350, 6539141, 15.98],
		
["20250304", 21250, 21800, 21050, 21350, 1747544, 15.91],
		
["20250305", 21500, 22250, 21400, 22050, 1863386, 15.95],
		
["20250306", 22300, 22600, 22150, 22400, 1474302, 15.94],
		
["20250307", 22150, 22400, 21950, 22250, 1111305, 15.93],
		
["20250310", 22200, 22950, 22150, 22700, 1647965, 15.95],
		
["20250311", 22250, 22600, 21950, 22250, 1443824, 15.94],
		
["20250312", 22100, 22350, 22050, 22250, 867592, 15.95],
		
["20250313", 22100, 22425, 22000, 22350, 1407816, 15.96],
		
["20250314", 22300, 22650, 22200, 22250, 992208, 15.97],
		
["20250317", 22300, 22400, 21800, 22150, 1344995, 15.96],
		
["20250318", 22150, 22200, 21600, 21750, 1528700, 15.99],
		
["20250319", 21800, 22000, 21650, 21850, 1020319, 16.02],
		
["20250320", 21900, 22050, 21900, 22000, 793552, 16.05],
		
["20250321", 22000, 22500, 22000, 22100, 1704881, 16.06],
		
["20250324", 22100, 22400, 22050, 22300, 926757, 16.13],
		
["20250325", 22400, 22900, 22350, 22600, 1925660, 16.22],
		
["20250326", 22600, 22650, 22450, 22600, 868476, 16.22],
		
["20250327", 22450, 22550, 22250, 22300, 968867, 16.24],
		
["20250328", 22300, 22350, 21900, 22100, 773141, 16.24],
		
["20250331", 21750, 21850, 21250, 21650, 1201635, 16.26],
		
["20250401", 21650, 21850, 21400, 21450, 1040122, 16.29],
		
["20250402", 21550, 21600, 21250, 21350, 925064, 16.27],
		
["20250403", 21000, 21500, 20900, 21500, 866549, 16.28],
		
["20250404", 21450, 22350, 21400, 22000, 2709112, 16.32],
		
["20250407", 21600, 22600, 21400, 22450, 3758996, 16.5],
		
["20250408", 22550, 22750, 22200, 22450, 1930798, 16.48],
		
["20250409", 22600, 22750, 22250, 22500, 2030750, 16.44],
		
["20250410", 22500, 22950, 22350, 22950, 2460265, 16.52],
		
["20250411", 22900, 23200, 22850, 23150, 1526171, 16.59],
		
["20250414", 23300, 23600, 23200, 23550, 1410015, 16.67],
		
["20250415", 23650, 24200, 23600, 24150, 2766558, 16.82],
		
["20250416", 24000, 24450, 23950, 24200, 1890107, 16.95],
		
["20250417", 24350, 24350, 23800, 24100, 1574665, 17.02],
		
["20250418", 24100, 24350, 23800, 24300, 1072781, 17.09],
		
["20250421", 24450, 25300, 24350, 25300, 3120504, 17.26],
		
["20250422", 25500, 25500, 24900, 25350, 2035289, 17.27],
		
["20250423", 25100, 25700, 24850, 25200, 2241147, 17.39],
		
["20250424", 25050, 25400, 24850, 25100, 1897743, 17.54],
		
["20250425", 25150, 25350, 24950, 25250, 1442057, 17.63],
		
["20250428", 25200, 25600, 25200, 25550, 1361623, 17.7],
		
["20250429", 25550, 25800, 25050, 25700, 1948704, 17.79],
		
["20250430", 25550, 25700, 25300, 25650, 1389732, 17.85],
		
["20250502", 25750, 26000, 25500, 25600, 1507618, 17.89],
		
["20250507", 25850, 26650, 25850, 26600, 3433375, 18.04],
		
["20250508", 26500, 26700, 26300, 26400, 1895094, 18.09],
		
["20250509", 26500, 27000, 26500, 26950, 2410304, 18.2],
		
["20250512", 27000, 27150, 26650, 26900, 1973499, 18.22],
		
["20250513", 26300, 26350, 24950, 25750, 5507277, 18.3],
		
["20250514", 26000, 26450, 25700, 26100, 1996836, 18.38],
		
["20250515", 26150, 26900, 26150, 26500, 1684044, 18.42],
		
["20250516", 27000, 28100, 26700, 28000, 4364089, 18.47],
		
["20250519", 28100, 29350, 27900, 28400, 5979148, 18.5],
		
["20250520", 28850, 29400, 28800, 29100, 3329443, 18.52],
		
["20250521", 29350, 29450, 28650, 29300, 2003643, 18.55],
		
["20250522", 29600, 30000, 29450, 29700, 3412029, 18.57],
		
["20250523", 29800, 31000, 29700, 30700, 3466964, 18.66],
		
["20250526", 31550, 31700, 30200, 31700, 3305201, 18.7],
		
["20250527", 31400, 31500, 30050, 30600, 3499829, 18.71],
		
["20250528", 30200, 30750, 29850, 30300, 2562656, 18.81],
		
["20250529", 30000, 30500, 29350, 29550, 3590292, 18.95],
		
["20250530", 30050, 30600, 29850, 30350, 3001453, 18.97],
		
["20250602", 30550, 30900, 29700, 30100, 2166813, 19.05],
		
["20250604", 29700, 29900, 28550, 29650, 4036843, 19.25],
		
["20250605", 30150, 30400, 29100, 29350, 3771966, 19.22],
		
["20250609", 29700, 31250, 29500, 30550, 5069114, 19.35],
		
["20250610", 31000, 31000, 26700, 27450, 11795810, 19.31],
		
["20250611", 27950, 28300, 27600, 28100, 3434748, 19.4],
		
["20250612", 28300, 29300, 27850, 28450, 5562903, 19.45],
		
["20250613", 28850, 28950, 27200, 27450, 6291719, 19.55],
		
["20250616", 27350, 27850, 27100, 27550, 3908071, 19.59],
		
["20250617", 27900, 28450, 27550, 28250, 4035890, 19.61],
		
["20250618", 28150, 29050, 28000, 28900, 3932934, 19.71],
		
["20250619", 28950, 29200, 27900, 28300, 2109715, 19.69],
		
["20250620", 28500, 29150, 28350, 29100, 3602448, 19.9],
		
["20250623", 29550, 29600, 28000, 28250, 3613408, 19.72],
		
["20250624", 29450, 34650, 29350, 34100, 19728999, 20.02],
		
["20250625", 38400, 38550, 36050, 37850, 19546586, 19.58],
		
["20250626", 36600, 41150, 36350, 40600, 21619273, 19.41],
		
["20250627", 39800, 40000, 38600, 39250, 8022808, 19.19],
		
["20250630", 38750, 40800, 38200, 39300, 8345599, 19.08],
		
["20250701", 38800, 39050, 37150, 37950, 7330531, 19.23],
		
["20250702", 37250, 37300, 34800, 35950, 9018364, 19.33],
		
["20250703", 36350, 37000, 35300, 35900, 4990925, 19.41],
		
["20250704", 37750, 38750, 36500, 36900, 9369609, 19.35],
		
["20250707", 37650, 38250, 36500, 37000, 3875908, 19.36],
		
["20250708", 36600, 39050, 36400, 38650, 6799893, 19.45],
		
["20250709", 38350, 38400, 36900, 37550, 4089723, 19.27],
		
["20250710", 37450, 38000, 37100, 37250, 3555041, 19.26],
		
["20250711", 37200, 38000, 36900, 37000, 2499008, 19.3],
		
["20250714", 36500, 37050, 35800, 36950, 2866770, 19.35],
		
["20250715", 37850, 38900, 36000, 36500, 8676571, 19.3],
		
["20250716", 36700, 37750, 36500, 36500, 3330991, 19.3],
		
["20250717", 37200, 37450, 35650, 36500, 2874588, 19.33],
		
["20250718", 36400, 36450, 35500, 36250, 2154499, 19.37],
		
["20250721", 36500, 37250, 36150, 37150, 2458815, 19.46],
		
["20250722", 37300, 38650, 37050, 37250, 4730947, 19.57],
		
["20250723", 37600, 38500, 37050, 37800, 3425796, 19.64],
		
["20250724", 37950, 38050, 37250, 37950, 2616947, 19.72],
		
["20250725", 37700, 39000, 37300, 38450, 3191231, 19.83],
		
["20250728", 39400, 41000, 39200, 39800, 7671645, 19.87],
		
["20250729", 39950, 40200, 38700, 39700, 3803998, 19.84],
		
["20250730", 39100, 39400, 38150, 38900, 3324631, 19.85],
		
["20250731", 39200, 39200, 38000, 38550, 2560309, 19.94],
		
["20250801", 37850, 38200, 36100, 36150, 4178937, 20.06],
		
["20250804", 36600, 37500, 36350, 37200, 1923548, 20.15],
		
["20250805", 37650, 38450, 37450, 38300, 2138254, 20.24],
		
["20250806", 38250, 41450, 38150, 41150, 13002999, 20.71],
		
["20250807", 40650, 42450, 40500, 42000, 7678304, 20.71],
		
["20250808", 41800, 41800, 39200, 39750, 5542616, 20.45],
		
["20250811", 39700, 39900, 38750, 39000, 3002876, 20.44],
		
["20250812", 39300, 39700, 37650, 38550, 5745590, 20.34],
		
["20250813", 39200, 40200, 38950, 39550, 3893320, 20.34],
		
["20250814", 39200, 39600, 38650, 38850, 2944140, 20.45],
		
["20250818", 39900, 40950, 39350, 39450, 5248703, 20.44],
		
["20250819", 38150, 38600, 36850, 37350, 5167793, 20.41],
		
["20250820", 35250, 37700, 34100, 37500, 7203295, 20.43],
		
["20250821", 37350, 39350, 37300, 38400, 4672324, 20.49],
		
["20250822", 38800, 39250, 38400, 38750, 2756688, 20.56],
		
["20250825", 39000, 39150, 38000, 38300, 2856982, 20.55],
		
["20250826", 37550, 37550, 36500, 37000, 2954743, 20.56],
		
["20250827", 37500, 37500, 36850, 37200, 1385943, 20.59],
		
["20250828", 37050, 37450, 36750, 37100, 1277322, 20.62],
		
["20250829", 37100, 37200, 36000, 36350, 2557593, 20.63],
		
["20250901", 36250, 37050, 36200, 36450, 1343291, 20.7],
		
["20250902", 36600, 37200, 36200, 36800, 1268516, 20.7],
		
["20250903", 36700, 37400, 36650, 36800, 1396436, 20.73],
		
["20250904", 37250, 37700, 37050, 37500, 1568733, 20.79],
		
["20250905", 37400, 37400, 36450, 36750, 1693935, 20.76],
		
["20250908", 36750, 37600, 36650, 37600, 2164044, 20.91],
		
["20250909", 37600, 38400, 37500, 38100, 1468531, 20.97],
		
["20250910", 38150, 39050, 38000, 38700, 2494401, 21.07],
		
["20250911", 38800, 39000, 37500, 37550, 2732701, 21.07],
		
["20250912", 37650, 37800, 36300, 36900, 2757346, 21.08],
		
["20250915", 36600, 36800, 36300, 36800, 1583030, 21.1],
		
["20250916", 37050, 37200, 36600, 36800, 1293909, 21.11],
		
["20250917", 37000, 37050, 36500, 36750, 1147371, 21.12],
		
["20250918", 36700, 36750, 35750, 36500, 2732742, 21.13],
		
["20250919", 36500, 36550, 35200, 35550, 2634367, 21.09],
		
["20250922", 35800, 36350, 35650, 35900, 1403154, 21.16],
		
["20250923", 36050, 36900, 36000, 36900, 1763886, 21.22],
		
["20250924", 36800, 37200, 36550, 36950, 1457035, 21.25],
		
["20250925", 36850, 36850, 36000, 36000, 1477684, 21.23],
		
["20250926", 36100, 36700, 35850, 36200, 1472003, 21.27],
		
["20250929", 36350, 37200, 35750, 36900, 1788105, 21.36],
		
["20250930", 36700, 36900, 36050, 36050, 1325530, 21.35],
		
["20251001", 36050, 36300, 35250, 35550, 1818879, 21.36],
		
["20251002", 35750, 35900, 34950, 35500, 2119980, 21.43],
		
["20251010", 35200, 35850, 34700, 35750, 2438237, 21.53],
		
["20251013", 35500, 36100, 35100, 35700, 2668070, 21.68],
		
["20251014", 35700, 38300, 35550, 37700, 5381299, 21.95],
		
["20251015", 37350, 39550, 37100, 39350, 4292154, 22.05],
		
["20251016", 40000, 40500, 39550, 40200, 2763726, 22.12],
		
["20251017", 39500, 43300, 39500, 42700, 7852614, 22.44],
		
["20251020", 43900, 43950, 41200, 42200, 3843883, 22.36],
		
["20251021", 43250, 45200, 43250, 43850, 6472854, 22.48],
		
["20251022", 43800, 44050, 42300, 43900, 2533234, 22.42],
		
["20251023", 43200, 43650, 41850, 42150, 2924407, 22.42],
		
["20251024", 42800, 44000, 42000, 43300, 3158556, 22.38],
		
["20251027", 43000, 43750, 42400, 43000, 2455511, 22.38],
		
["20251028", 43450, 45600, 42900, 44000, 4193926, 22.4],
		
["20251029", 44900, 45800, 44250, 45500, 4228296, 22.43],
		
["20251030", 44700, 45200, 42900, 42950, 3037479, 22.41],
		
["20251031", 43050, 43350, 42500, 42550, 1662728, 22.42],
		
["20251103", 43100, 45450, 43000, 45100, 3779816, 22.54],
		
["20251104", 44900, 46750, 44500, 45050, 2899237, 22.55],
		
["20251105", 45100, 45150, 41800, 43500, 4777502, 22.48],
		
["20251106", 44050, 46800, 44050, 46100, 10936326, 22.57],
		
["20251107", 45800, 46750, 43200, 44100, 6082558, 22.4],
		
["20251110", 44150, 46650, 43700, 46250, 6291665, 22.48],
		
["20251111", 46450, 50400, 45950, 49550, 14888072, 22.55],
		
["20251112", 50000, 50100, 47400, 47650, 9321253, 22.35],
		
["20251113", 47650, 50400, 46750, 49250, 11123270, 22.34],
		
["20251114", 48450, 49150, 47150, 47400, 6308481, 22.15],
		
["20251117", 47750, 49700, 47750, 49300, 5679980, 22.26],
		
["20251118", 48750, 52000, 48400, 49500, 9858105, 22.27],
		
["20251119", 50400, 50500, 46350, 47250, 8189247, 22.12],
		
["20251120", 48150, 49500, 47900, 48950, 5882230, 22.28],
		
["20251121", 47200, 49300, 47200, 48150, 4979413, 22.36],
		
["20251124", 49100, 49100, 47250, 48200, 3489993, 22.34],
		
["20251125", 49300, 51900, 48650, 51500, 9230819, 22.68],
		
["20251126", 52100, 54000, 51600, 52800, 7419354, 22.72],
		
["20251127", 53100, 54100, 51500, 51900, 3916075, 22.71],
		
["20251128", 52400, 53100, 51100, 52500, 2656409, 22.68],
		
["20251201", 53200, 53800, 49950, 50100, 4713208, 22.59],
		
["20251202", 50400, 51800, 50100, 50900, 2966516, 22.68],
		
["20251203", 51200, 51200, 50200, 51000, 2630849, 22.67],
		
["20251204", 51000, 51100, 49600, 50600, 2871508, 22.67],
		
["20251205", 50600, 52500, 50200, 52200, 3465997, 22.8],
		
["20251208", 51800, 51800, 50400, 51700, 2648946, 22.81],
		
["20251209", 51300, 51300, 50300, 50800, 2596394, 22.74],
		
["20251210", 50800, 51200, 49550, 49800, 3451392, 22.74],
		
["20251211", 49900, 50200, 48800, 48800, 4556348, 22.82],
		
["20251212", 49250, 50200, 49000, 49750, 3095603, 22.91],
		
["20251215", 48850, 50500, 48400, 50000, 2634517, 22.99],
		
["20251216", 50000, 52300, 49650, 50300, 4499473, 23.0],
		
["20251217", 51000, 52400, 50500, 51200, 4517553, 23.1],
		
["20251218", 50600, 50600, 48200, 48200, 4916762, 22.86],
		
["20251219", 48900, 49550, 48450, 49300, 2770422, 22.91],
		
["20251222", 49650, 49700, 48750, 49050, 2485227, 22.9],
		
["20251223", 49050, 49100, 48200, 48350, 2039178, 22.94],
		
["20251224", 48350, 48650, 48100, 48150, 2122783, 22.94],
		
["20251226", 48150, 48500, 47700, 48500, 2897032, 22.96],
		
["20251229", 47900, 49000, 46700, 47250, 4932949, 22.87],
		
["20251230", 47500, 48575, 47000, 47200, 2722449, 22.89],
		
["20260102", 47200, 47200, 45700, 46500, 2308514, 22.93],
		
["20260105", 47000, 49850, 47000, 49850, 4063858, 23.18],
		
["20260106", 50200, 50500, 49100, 50500, 2117044, 23.31],
		
["20260107", 50500, 51200, 49250, 49600, 2341553, 23.37],
		
["20260108", 49450, 50100, 48950, 49150, 1966117, 23.42],
		
["20260109", 49550, 50000, 48950, 49400, 1260933, 23.42],
		
["20260112", 50400, 51300, 50200, 51000, 2639091, 23.5],
		
["20260113", 51800, 55800, 51100, 55700, 7092857, 23.72],
		
["20260114", 55000, 55000, 53100, 53600, 3811192, 23.57],
		
["20260115", 54400, 54400, 52700, 53800, 2398352, 23.52],
		
["20260116", 54300, 55500, 53900, 54700, 3398110, 23.52],
		
["20260119", 55100, 56700, 54000, 56300, 3627467, 23.59],
		
["20260120", 56000, 67300, 55800, 65400, 18881532, 23.74],
		
["20260121", 65300, 69500, 64900, 67900, 12232205, 23.72],
		
["20260122", 67800, 68300, 65600, 66000, 5744688, 23.65],
		
["20260123", 64400, 64700, 60100, 61200, 8221947, 23.54],
		
["20260126", 61600, 62300, 60100, 60400, 3198151, 23.61],
		
["20260127", 64100, 64200, 60400, 60500, 4426517, 23.4],
		
["20260128", 61100, 61500, 59000, 59400, 3560872, 23.42],
		
["20260129", 60600, 61600, 59800, 61000, 3772465, 23.43],
		
["20260130", 60100, 60200, 58000, 58300, 3707847, 23.38],
		
["20260202", 57300, 59300, 56100, 57300, 2893501, 23.4],
		
["20260203", 58700, 59600, 57500, 59500, 2599478, 23.32],
		
["20260204", 61400, 64300, 60500, 62700, 6239572, 23.41],
		
["20260205", 61700, 62900, 60400, 61900, 2644001, 23.44],
		
["20260206", 60100, 61300, 58500, 60700, 2464612, 23.4],
		
["20260209", 62300, 62700, 60700, 62600, 2719421, 23.45],
		
["20260210", 62700, 62900, 60500, 60800, 1920960, 23.42],
		
["20260211", 61300, 62100, 60600, 61000, 1790091, 23.49],
		
["20260212", 61700, 61700, 60100, 60100, 2950481, 23.48],
		
["20260213", 60400, 61200, 59400, 59800, 2009683, 23.42],
		
["20260219", 61100, 63400, 60800, 62100, 3404380, 23.51],
		
["20260220", 62100, 64300, 61700, 63000, 2851514, 23.54],
		
["20260223", 63800, 63900, 61800, 62700, 1907525, 23.48],
		
["20260224", 62500, 63100, 61200, 62800, 1629831, 23.51],
		
["20260225", 64100, 65300, 63400, 64300, 3153351, 23.57],
		
["20260226", 65100, 65200, 62700, 63300, 2436442, 23.5],
		
["20260227", 61500, 61800, 58200, 58500, 9721473, 22.98],
		
["20260303", 56400, 56800, 50700, 50900, 8463135, 22.88],
		
["20260304", 48200, 49800, 44600, 45550, 6777742, 23.07],
		
["20260305", 50100, 50600, 47150, 48200, 4828975, 22.95],
		
["20260306", 47100, 49500, 47000, 48800, 2921520, 22.92],
		
["20260309", 45150, 45800, 43550, 44800, 5198826, 22.79],
		
["20260310", 48000, 48450, 46500, 47600, 2886391, 22.78],
		
["20260311", 49950, 50600, 47300, 47950, 3092394, 22.7],
		
["20260312", 47950, 49050, 47150, 47600, 1798205, 22.64],
		
["20260313", 46000, 49950, 45950, 48300, 4084749, 22.59],
		
["20260316", 48550, 48600, 46500, 46900, 1903043, 22.53],
		
["20260317", 48350, 49500, 47800, 48200, 2131127, 22.53],
		
["20260318", 48850, 50300, 48500, 49950, 2236833, 22.55],
		
["20260319", 48850, 48950, 48100, 48300, 1725030, 22.46],
		
["20260320", 49000, 49850, 48550, 49150, 3110094, 22.42],
		
["20260323", 47300, 47400, 45500, 45600, 2521427, 22.35],
		
["20260324", 47600, 47700, 46000, 46750, 1670679, 22.4],
		
["20260325", 47450, 47750, 46200, 46450, 2477570, 22.33],
		
["20260326", 46400, 46700, 45550, 46000, 1499179, 22.37],
		
["20260327", 44150, 44400, 42200, 43900, 2748626, 22.33],
		
["20260330", 41650, 42400, 41500, 42200, 2837692, 22.37],
		
["20260331", 41250, 43450, 40700, 41650, 3163086, 22.4],
		
["20260401", 43500, 43800, 42350, 43700, 2095081, 22.3],
		
["20260402", 44150, 44200, 40800, 41250, 2931271, 22.29],
		
["20260403", 41400, 41450, 39850, 40300, 3757544, 22.36],
		
["20260406", 40300, 40400, 39650, 40250, 2025346, 22.36],
		
["20260407", 40600, 41300, 39800, 39900, 1944785, 22.39],
		
["20260408", 43200, 44900, 43050, 43900, 3925621, 22.34],
		
["20260409", 44150, 44500, 43000, 43400, 2467223, 22.25],
		
["20260410", 43800, 43950, 42800, 43400, 1806471, 22.24],
		
["20260413", 42500, 42600, 41600, 42200, 1713524, 22.25],
		
["20260414", 43100, 45300, 43100, 44350, 3020419, 22.32],
		
["20260415", 45700, 45850, 44150, 44350, 3191084, 22.18],
		
["20260416", 44900, 45850, 44450, 45800, 2705831, 22.16],
		
["20260417", 46350, 46450, 45500, 45900, 2114301, 22.05],
		
["20260420", 45900, 46500, 45100, 46100, 2325755, 21.97],
		
["20260421", 46250, 46650, 45600, 46000, 1664024, 21.91],
		
["20260422", 45400, 47450, 44850, 46350, 3000332, 21.83],
		
["20260423", 47650, 47650, 45850, 46200, 3153278, 21.71],
		
["20260424", 46050, 46450, 45650, 46200, 1663225, 21.7],
		
["20260427", 46300, 46400, 45550, 45850, 1797186, 21.69],
		
["20260428", 45500, 45500, 44600, 44700, 2289891, 21.65],
		
["20260429", 44600, 45100, 44250, 44500, 2055436, 21.64],
		
["20260430", 43950, 44500, 43550, 43550, 2525970, 21.66],
		
["20260504", 44800, 45100, 44350, 44500, 2352086, 21.73],
		
["20260506", 46500, 46550, 45000, 45050, 2878739, 21.64],
		
["20260507", 46000, 47200, 44450, 44700, 3484514, 21.56],
		
["20260508", 44350, 44450, 43550, 44050, 1689261, 21.49],
		
["20260511", 43850, 43900, 43100, 43200, 1913617, 21.48],
		
["20260512", 43150, 43150, 40400, 41250, 3272009, 21.46],
		
["20260513", 42050, 42400, 40050, 40750, 1931450, 21.47],
		
["20260514", 40600, 40700, 38700, 39650, 4631320, 21.32],
		
["20260515", 39900, 40400, 38250, 38750, 3102994, 21.3],
		
["20260518", 37950, 38300, 36200, 37650, 2185726, 21.3],
		
["20260519", 37750, 39650, 37750, 39150, 3070963, 21.27],
		
["20260520", 38850, 39050, 36350, 36900, 3188977, 21.24],
		
["20260521", 39000, 39650, 38750, 39400, 2340195, 21.21],
		
["20260522", 41000, 41000, 39500, 39700, 1716429, 21.11],
		
["20260526", 41500, 41750, 40400, 40450, 1860266, 21.03],
		
["20260527", 40600, 40600, 38800, 39500, 2237669, 20.94],
		
["20260528", 40050, 40750, 38150, 39050, 2021545, 20.96],
		
["20260529", 39450, 39850, 38100, 38900, 3204199, 20.92],
		
["20260601", 38700, 39050, 38200, 38650, 2173549, 20.98],
		
["20260602", 38350, 38600, 37300, 37750, 1826018, 21.0],
		
["20260604", 38250, 39350, 37750, 38700, 2192650, 21.03],
		
["20260605", 39300, 39600, 37800, 38100, 2208549, 20.99],
		
["20260608", 36000, 37200, 35350, 36000, 2314906, 21.05],
		
["20260609", 36050, 37500, 35400, 36100, 3364256, 20.98],
		
["20260610", 35600, 36800, 35300, 36400, 2100587, 21.03],
		
["20260611", 35550, 36150, 35000, 35900, 2237560, 21.11],
		
["20260612", 37850, 39250, 37425, 37650, 4419792, 21.18],
		
["20260615", 40450, 42400, 39650, 41400, 3931162, 21.09],
		
["20260616", 41500, 41700, 39800, 39800, 2740085, 20.97],
		
["20260617", 40800, 43100, 40400, 40500, 4127751, 20.84],
		
["20260618", 41100, 41150, 38950, 39350, 2990552, 20.91],
		
["20260619", 39900, 39950, 36900, 37900, 2822708, 20.82],
		
["20260622", 37850, 38700, 37500, 38000, 2084988, 20.89],
		
["20260623", 38500, 38650, 36250, 36250, 2230430, 20.87],
		
["20260624", 36650, 38500, 36100, 36750, 2599564, 20.95],
		
["20260625", 37900, 39350, 37550, 38800, 2364807, 20.95],
		
["20260626", 38500, 38500, 36150, 37100, 3201525, 20.97],
		
["20260629", 37150, 38800, 35850, 38250, 2148091, 20.88],
		
["20260630", 38600, 38800, 37000, 37000, 1990630, 20.84],
		
["20260701", 37750, 38550, 37050, 37600, 1485344, 20.83],
		
["20260702", 37350, 39350, 36500, 38150, 2653423, 20.77],
		
["20260703", 38750, 38750, 37050, 38250, 1514048, 20.73],
		
["20260706", 38350, 39500, 37450, 39150, 1537684, 20.71],
		
["20260707", 38550, 38600, 37400, 38200, 1837064, 20.65],
		
["20260708", 37650, 37900, 36050, 36750, 1830575, 20.64],
		
["20260709", 36650, 37200, 35050, 35200, 2061114, 20.64],
		
["20260710", 35800, 37200, 35800, 36200, 1352856, 20.65],
		
["20260713", 36200, 36450, 34100, 34250, 1778803, 20.59],
		
["20260714", 34450, 34900, 33200, 33950, 2544172, 20.62],
		
["20260715", 34550, 35300, 33850, 33900, 1534557, 20.63],
		
["20260716", 33600, 34500, 33450, 34050, 1847121, 20.71],
		
["20260720", 33550, 34000, 32650, 33000, 1594119, 20.76],
		
["20260721", 32550, 34300, 32000, 33700, 1327594, 20.82],
		
["20260722", 34100, 34900, 33700, 33900, 1396038, 20.89],
		
["20260723", 34200, 35600, 34200, 35600, 1644126, 21.01],
		
["20260724", 34900, 36500, 34900, 35400, 1410288, 21.07],
		
["20260727", 36050, 36500, 35350, 36200, 981381, 21.09],
		
["20260728", 35650, 35800, 33150, 33650, 1447961, 21.02],
		
["20260729", 33800, 34750, 32150, 33100, 3040315, 21.09],
		
["20260730", 32500, 34250, 32500, 33050, 1826812, 21.08],
		
["20260731", 34000, 35150, 33700, 34800, 1777947, 21.18],
		
["20260803", 34550, 34950, 33650, 34500, 1146002, 21.2],
		
["20260804", 34850, 35900, 34800, 35150, 1276750, 21.25],
		
["20260805", 36200, 36500, 35650, 35700, 1083486, 21.27],
		
["20260806", 35950, 36050, 35300, 35950, 939654, 21.26],
		
["20260807", 35600, 35750, 34900, 35600, 864179, 21.24],
		
["20260810", 35650, 36050, 35350, 35700, 815056, 21.25],
		
["20260811", 35400, 35600, 34900, 35200, 1030128, 21.28],
		
["20260812", 35450, 36200, 35300, 35450, 1325199, 21.3],
		
["20260813", 34350, 34650, 32800, 33100, 5967560, 21.04],
		
["20260814", 33200, 33350, 32850, 33250, 1652497, 21.09],
		
["20260818", 33100, 33200, 32200, 32600, 1276268, 21.06],
		
["20260819", 31800, 31850, 30400, 30850, 2264480, 21.03],
		
["20260820", 31250, 32200, 31150, 31800, 1292527, 21.1],
		
["20260821", 31450, 31800, 31000, 31750, 833434, 21.11],
		
["20260824", 31750, 31750, 31100, 31500, 1075780, 21.14],
		
["20260825", 32150, 33200, 31400, 32700, 2523109, 21.12],
		
["20260826", 33400, 36400, 33050, 34800, 5693316, 21.12]
		
	

]
