
 [['날짜', '시가', '고가', '저가', '종가', '거래량', '외국인소진율'],

	
	
		
["20240102", 15900, 16040, 15720, 16010, 2109268, 14.65],
		
["20240103", 15850, 15900, 15600, 15600, 2191181, 14.65],
		
["20240104", 15510, 15660, 15410, 15570, 1514733, 14.67],
		
["20240105", 15690, 15780, 15550, 15560, 1539993, 14.69],
		
["20240108", 15680, 15730, 15530, 15560, 1581709, 14.7],
		
["20240109", 15700, 15780, 15580, 15580, 1259097, 14.72],
		
["20240110", 15580, 15640, 15160, 15190, 2340544, 14.69],
		
["20240111", 15200, 15480, 15150, 15150, 1719484, 14.73],
		
["20240112", 15200, 15270, 15020, 15060, 1704650, 14.73],
		
["20240115", 15120, 15320, 15060, 15320, 1318881, 14.76],
		
["20240116", 15320, 15360, 15090, 15230, 1531386, 14.78],
		
["20240117", 15270, 15270, 14560, 14570, 2935031, 14.74],
		
["20240118", 14750, 14920, 14640, 14780, 1941646, 14.76],
		
["20240119", 14870, 15130, 14870, 15130, 1636362, 14.82],
		
["20240122", 15270, 15280, 15000, 15010, 1287642, 14.81],
		
["20240123", 15030, 15150, 14980, 15000, 1248628, 14.86],
		
["20240124", 15010, 15020, 14800, 14860, 1197281, 14.91],
		
["20240125", 14840, 14870, 14300, 14870, 2985230, 14.97],
		
["20240126", 14870, 15280, 14790, 15170, 2122184, 15.09],
		
["20240129", 15230, 15560, 15200, 15320, 2313980, 15.14],
		
["20240130", 15480, 15600, 15030, 15030, 1877476, 15.14],
		
["20240131", 14900, 15440, 14890, 15440, 3684053, 15.25],
		
["20240201", 15440, 15580, 15210, 15380, 1935366, 15.28],
		
["20240202", 15400, 16100, 15310, 16000, 5846733, 15.51],
		
["20240205", 15960, 15960, 15340, 15370, 3312720, 15.39],
		
["20240206", 15290, 15450, 15230, 15320, 1409909, 15.41],
		
["20240207", 15280, 15430, 15170, 15240, 1694519, 15.42],
		
["20240208", 15300, 15710, 15290, 15620, 2392223, 15.48],
		
["20240213", 15690, 15780, 15550, 15620, 1614544, 15.47],
		
["20240214", 15460, 15460, 15290, 15360, 1559104, 15.48],
		
["20240215", 15550, 15620, 15370, 15390, 1518495, 15.57],
		
["20240216", 15490, 15570, 15330, 15370, 1438734, 15.64],
		
["20240219", 15370, 15670, 15340, 15630, 2066654, 15.75],
		
["20240220", 15720, 15720, 15430, 15540, 1828555, 15.79],
		
["20240221", 15540, 16150, 15460, 15970, 4448086, 15.96],
		
["20240222", 15990, 16490, 15770, 16300, 6214676, 16.06],
		
["20240223", 16600, 16630, 16210, 16350, 4013239, 16.02],
		
["20240226", 16490, 16530, 16080, 16130, 2244025, 15.97],
		
["20240227", 16210, 16390, 15850, 15960, 2117223, 15.99],
		
["20240228", 15970, 16270, 15860, 16140, 1681722, 16.01],
		
["20240229", 16100, 16240, 15950, 16240, 2035766, 16.12],
		
["20240304", 16300, 16420, 15770, 15770, 3110647, 16.02],
		
["20240305", 15800, 15870, 15460, 15460, 2319953, 15.94],
		
["20240306", 15500, 15710, 15350, 15630, 1752227, 15.95],
		
["20240307", 15680, 15680, 15420, 15580, 1401354, 15.95],
		
["20240308", 15710, 15900, 15440, 15860, 2084140, 15.98],
		
["20240311", 15960, 17290, 15890, 16720, 22523304, 16.34],
		
["20240312", 16970, 17150, 16610, 17030, 8074010, 16.29],
		
["20240313", 17110, 17790, 17000, 17480, 14079981, 16.63],
		
["20240314", 17700, 18500, 17550, 18230, 18288130, 16.9],
		
["20240315", 18470, 18550, 17760, 17980, 8533585, 16.92],
		
["20240318", 18150, 18180, 17810, 17860, 3999193, 16.92],
		
["20240319", 18350, 18920, 17780, 17840, 12722844, 16.78],
		
["20240320", 17500, 17750, 17210, 17740, 6722040, 16.91],
		
["20240321", 17650, 18130, 17610, 18070, 5160145, 17.03],
		
["20240322", 17890, 18190, 17790, 17890, 3747422, 17.08],
		
["20240325", 17890, 17980, 17230, 17300, 4860054, 17.12],
		
["20240326", 17300, 17460, 16970, 17210, 4156582, 17.78],
		
["20240327", 17150, 17550, 17010, 17480, 3863061, 17.79],
		
["20240328", 17850, 18100, 17500, 17520, 4830265, 17.77],
		
["20240329", 17490, 17600, 17220, 17220, 2524536, 17.78],
		
["20240401", 17340, 17400, 17060, 17270, 2146515, 17.78],
		
["20240402", 17200, 17200, 16640, 16780, 5075350, 17.79],
		
["20240403", 16630, 16760, 16460, 16500, 2499652, 17.76],
		
["20240404", 16710, 16850, 16480, 16810, 2412736, 17.78],
		
["20240405", 16630, 17080, 16570, 16980, 2715731, 17.75],
		
["20240408", 16980, 16980, 16500, 16550, 2300795, 17.76],
		
["20240409", 16580, 16650, 16210, 16250, 2301107, 17.77],
		
["20240411", 15860, 15860, 15000, 15120, 9126279, 17.7],
		
["20240412", 15060, 15380, 14940, 15310, 3335803, 17.76],
		
["20240415", 15160, 15380, 15000, 15120, 2081675, 17.76],
		
["20240416", 15000, 15060, 14540, 14600, 3657519, 17.8],
		
["20240417", 14630, 14800, 14320, 14320, 2717485, 17.78],
		
["20240418", 14400, 14960, 14400, 14900, 2901014, 17.82],
		
["20240419", 14750, 14790, 14360, 14690, 2638314, 17.9],
		
["20240422", 14950, 15800, 14950, 15730, 4363033, 18.03],
		
["20240423", 15640, 15720, 15430, 15540, 2243428, 17.99],
		
["20240424", 15770, 15910, 15580, 15770, 2265827, 18.04],
		
["20240425", 15700, 16400, 15610, 15860, 4182658, 18.05],
		
["20240426", 15950, 16250, 15780, 16210, 2584334, 18.21],
		
["20240429", 16480, 16950, 16300, 16790, 4319136, 18.3],
		
["20240430", 16860, 17040, 16600, 16800, 3357626, 18.51],
		
["20240502", 16860, 17090, 16500, 16500, 3091806, 18.43],
		
["20240503", 16670, 16900, 16290, 16550, 2742456, 18.45],
		
["20240507", 16670, 17150, 16620, 17080, 4909006, 18.79],
		
["20240508", 17040, 17350, 16970, 17350, 4228373, 18.95],
		
["20240509", 17370, 17940, 17330, 17640, 5610241, 19.06],
		
["20240510", 17790, 17820, 17260, 17330, 3452162, 19.02],
		
["20240513", 17480, 17840, 17270, 17700, 3857620, 19.1],
		
["20240514", 17750, 17890, 17530, 17670, 2709021, 19.08],
		
["20240516", 17890, 18230, 17860, 18100, 6900766, 19.41],
		
["20240517", 17990, 18370, 17960, 18050, 4289283, 19.48],
		
["20240520", 18100, 18180, 17690, 17800, 4049716, 19.61],
		
["20240521", 17800, 17990, 17660, 17710, 2644936, 19.69],
		
["20240522", 17750, 18380, 17710, 18060, 7405159, 19.93],
		
["20240523", 18380, 18400, 17970, 18120, 4907488, 19.89],
		
["20240524", 17950, 18280, 17440, 18260, 4634875, 20.06],
		
["20240527", 20050, 21750, 19700, 21300, 69376008, 21.0],
		
["20240528", 21900, 22000, 20550, 21800, 40450557, 21.41],
		
["20240529", 21500, 22000, 20550, 20950, 24131082, 21.45],
		
["20240530", 20700, 21000, 20200, 20600, 13731664, 21.46],
		
["20240531", 20550, 21750, 20400, 20800, 23319880, 21.46],
		
["20240603", 21350, 21350, 20700, 20750, 10844092, 21.43],
		
["20240604", 20300, 20600, 19060, 19200, 22201157, 21.35],
		
["20240605", 19190, 19400, 18700, 19120, 11131017, 21.4],
		
["20240607", 19320, 19840, 19060, 19170, 9572160, 21.36],
		
["20240610", 19270, 19740, 19230, 19450, 8708921, 21.28],
		
["20240611", 19720, 19920, 19050, 19160, 7737686, 21.24],
		
["20240612", 19300, 20250, 19290, 20000, 13075043, 21.31],
		
["20240613", 20050, 20200, 19520, 19520, 8249591, 21.23],
		
["20240614", 19760, 20150, 19520, 19660, 8012095, 21.28],
		
["20240617", 19800, 19920, 19550, 19680, 3791849, 21.23],
		
["20240618", 19790, 19940, 19350, 19720, 5968659, 21.15],
		
["20240619", 20050, 21400, 19820, 21150, 22507234, 21.34],
		
["20240620", 21200, 21300, 20600, 20850, 8196543, 21.29],
		
["20240621", 20850, 21150, 20400, 20900, 6442943, 21.35],
		
["20240624", 21100, 21150, 20550, 20800, 5116277, 21.28],
		
["20240625", 20700, 20800, 20150, 20500, 4365817, 21.37],
		
["20240626", 20750, 20800, 20100, 20400, 3944738, 21.39],
		
["20240627", 20200, 20200, 19410, 19890, 8053252, 21.53],
		
["20240628", 19790, 20450, 19630, 20100, 4460272, 21.52],
		
["20240701", 20100, 20400, 19850, 19950, 3308069, 21.43],
		
["20240702", 20000, 20050, 19230, 19330, 5001382, 21.42],
		
["20240703", 19390, 19710, 19220, 19260, 3217410, 21.43],
		
["20240704", 19280, 19610, 19230, 19450, 3031068, 21.38],
		
["20240705", 19450, 19680, 19310, 19540, 3669523, 21.33],
		
["20240708", 19850, 21600, 19700, 21000, 17115452, 21.68],
		
["20240709", 21350, 22300, 21150, 22250, 27672205, 22.02],
		
["20240710", 22350, 22350, 21500, 21850, 10787800, 21.89],
		
["20240711", 21850, 22150, 21400, 21850, 9593927, 21.98],
		
["20240712", 20800, 21700, 19970, 20900, 25828467, 22.18],
		
["20240715", 21700, 21900, 20900, 21600, 13663975, 22.15],
		
["20240716", 21700, 21700, 20300, 21000, 11853733, 21.77],
		
["20240717", 21100, 22500, 21050, 21250, 28715925, 21.99],
		
["20240718", 23850, 25000, 20900, 21000, 63401772, 21.24],
		
["20240719", 21100, 21100, 20100, 20200, 14963385, 21.32],
		
["20240722", 20300, 20750, 20000, 20200, 10307333, 21.42],
		
["20240723", 20050, 20350, 19610, 19880, 9843278, 21.53],
		
["20240724", 19760, 20100, 19640, 19820, 6287396, 21.59],
		
["20240725", 19750, 20200, 18910, 18930, 9151927, 21.52],
		
["20240726", 18800, 19300, 18800, 18870, 5558211, 21.54],
		
["20240729", 18930, 18970, 18310, 18530, 5559272, 21.54],
		
["20240730", 18410, 18720, 18150, 18560, 5141839, 21.51],
		
["20240731", 18640, 19800, 18640, 18830, 14217304, 21.32],
		
["20240801", 18850, 19040, 18710, 18710, 3223275, 21.29],
		
["20240802", 18440, 18440, 17660, 17690, 6333063, 21.2],
		
["20240805", 17280, 17290, 15150, 15860, 8528030, 21.2],
		
["20240806", 16020, 17300, 16020, 16870, 7701706, 21.34],
		
["20240807", 16800, 17170, 16610, 16850, 3752220, 21.23],
		
["20240808", 16610, 17680, 16590, 17540, 6916530, 21.29],
		
["20240809", 17720, 17880, 17500, 17690, 2791297, 21.24],
		
["20240812", 17790, 18490, 17720, 18340, 3352235, 21.28],
		
["20240813", 18450, 18700, 18120, 18150, 3047042, 21.27],
		
["20240814", 18440, 18470, 18100, 18170, 1949539, 21.27],
		
["20240816", 18410, 18960, 18410, 18750, 4173741, 21.4],
		
["20240819", 18890, 18890, 18160, 18230, 3153671, 21.31],
		
["20240820", 18350, 18350, 17960, 17970, 2970641, 21.25],
		
["20240821", 17840, 18100, 17600, 18040, 2239981, 21.25],
		
["20240822", 18060, 18120, 17630, 17760, 1844964, 21.23],
		
["20240823", 17730, 18110, 17600, 18010, 2158110, 21.26],
		
["20240826", 18010, 18020, 17230, 17430, 3234955, 21.17],
		
["20240827", 17250, 17870, 17050, 17860, 2821052, 21.22],
		
["20240828", 17780, 18840, 17730, 18480, 8797648, 21.24],
		
["20240829", 18420, 18450, 17660, 17750, 4748040, 21.1],
		
["20240830", 18000, 18460, 17990, 18100, 3987360, 21.11],
		
["20240902", 18300, 18300, 17830, 17890, 1972917, 21.08],
		
["20240903", 17890, 18020, 17600, 17650, 2152522, 21.05],
		
["20240904", 17100, 17650, 16900, 17200, 3900091, 21.0],
		
["20240905", 17200, 17350, 16570, 16620, 3117440, 20.93],
		
["20240906", 16620, 16890, 16490, 16570, 2141879, 20.92],
		
["20240909", 16150, 16890, 16100, 16800, 1829627, 20.96],
		
["20240910", 16910, 16970, 16540, 16560, 1575573, 20.93],
		
["20240911", 16700, 16830, 16260, 16370, 2024091, 20.9],
		
["20240912", 16500, 17710, 16500, 17710, 4467950, 21.03],
		
["20240913", 18290, 18670, 17820, 18160, 5730891, 21.03],
		
["20240919", 18500, 18750, 18310, 18710, 4720304, 21.08],
		
["20240920", 18710, 18790, 17950, 17960, 5353964, 21.03],
		
["20240923", 18300, 18720, 18120, 18200, 3924727, 21.02],
		
["20240924", 18250, 18330, 17760, 18160, 2653431, 20.98],
		
["20240925", 18340, 18620, 18080, 18100, 2332580, 20.99],
		
["20240926", 18110, 18480, 17980, 18450, 2525949, 21.04],
		
["20240927", 18470, 18520, 18050, 18050, 2136062, 21.01],
		
["20240930", 18170, 18310, 17850, 17910, 2322831, 21.01],
		
["20241002", 17710, 17710, 17250, 17310, 2532931, 20.94],
		
["20241004", 17470, 17580, 17140, 17410, 2178359, 20.89],
		
["20241007", 17490, 18270, 17280, 18270, 3744724, 21.04],
		
["20241008", 18130, 18760, 18110, 18370, 4087833, 21.16],
		
["20241010", 18400, 18470, 18130, 18200, 2389396, 21.18],
		
["20241011", 18290, 18460, 18060, 18100, 1659316, 21.2],
		
["20241014", 18200, 18500, 18150, 18470, 2294944, 21.25],
		
["20241015", 18650, 19350, 18650, 19000, 9302369, 21.29],
		
["20241016", 18820, 19950, 18550, 19460, 10748471, 21.3],
		
["20241017", 21100, 21500, 20550, 21150, 34706921, 21.97],
		
["20241018", 20900, 21300, 20100, 20450, 10127307, 22.0],
		
["20241021", 21350, 21400, 20300, 20650, 12710750, 21.9],
		
["20241022", 20300, 21300, 20000, 20650, 13625006, 21.9],
		
["20241023", 20650, 20800, 19960, 20100, 6418161, 21.97],
		
["20241024", 19850, 21000, 19840, 20850, 8918248, 22.29],
		
["20241025", 20850, 21300, 20550, 20600, 4764600, 22.32],
		
["20241028", 20800, 21700, 20750, 21400, 11033510, 22.63],
		
["20241029", 21800, 22150, 21500, 21850, 12069996, 22.77],
		
["20241030", 21850, 22000, 21250, 21400, 6459985, 22.86],
		
["20241031", 20150, 20800, 19700, 20050, 14011947, 22.78],
		
["20241101", 20600, 20750, 19850, 19980, 5749622, 22.76],
		
["20241104", 20050, 20150, 19350, 20000, 4911648, 22.75],
		
["20241105", 19930, 20550, 19790, 20400, 4022063, 22.78],
		
["20241106", 20450, 21150, 20450, 20900, 7885107, 22.76],
		
["20241107", 21200, 21700, 20500, 21400, 9313005, 22.62],
		
["20241108", 21400, 21700, 21100, 21450, 4591326, 22.56],
		
["20241111", 21300, 21900, 20900, 20900, 6806611, 22.61],
		
["20241112", 20700, 21400, 20600, 20850, 5632665, 22.56],
		
["20241113", 21000, 21650, 20550, 20750, 7911988, 22.52],
		
["20241114", 21200, 22450, 20950, 22450, 17292496, 23.04],
		
["20241115", 22400, 22500, 21250, 21850, 10709767, 22.91],
		
["20241118", 21550, 22150, 21300, 21550, 7772892, 22.86],
		
["20241119", 21950, 22800, 21750, 22400, 12909089, 23.04],
		
["20241120", 22350, 22400, 21600, 21700, 5971125, 22.91],
		
["20241121", 21650, 21900, 20850, 20900, 5994908, 22.84],
		
["20241122", 21300, 22750, 21250, 22100, 15909665, 23.48],
		
["20241125", 22350, 22500, 22000, 22150, 7335876, 23.45],
		
["20241126", 22000, 22000, 21000, 21050, 7907491, 23.15],
		
["20241127", 21050, 21400, 21000, 21100, 4066364, 23.19],
		
["20241128", 21250, 21800, 21150, 21450, 3953289, 23.23],
		
["20241129", 21300, 21350, 20300, 21150, 7293479, 23.25],
		
["20241202", 21200, 21350, 20700, 20700, 3268088, 23.25],
		
["20241203", 20850, 21350, 20750, 21150, 3594136, 23.36],
		
["20241204", 20600, 20900, 18580, 19000, 25531530, 23.55],
		
["20241205", 19180, 19390, 18480, 18690, 8487418, 23.58],
		
["20241206", 18550, 18900, 17640, 18080, 10277179, 23.91],
		
["20241209", 17790, 17850, 17200, 17380, 7621883, 24.05],
		
["20241210", 17500, 17900, 16910, 17180, 13229410, 24.08],
		
["20241211", 17390, 17520, 16970, 17230, 6769658, 23.97],
		
["20241212", 17390, 18190, 17310, 17830, 10237930, 23.93],
		
["20241213", 17830, 17880, 17220, 17240, 6652260, 23.81],
		
["20241216", 17350, 17910, 17350, 17640, 5640808, 23.89],
		
["20241217", 17840, 17850, 17420, 17490, 4083393, 23.83],
		
["20241218", 17590, 18270, 17490, 18060, 5186115, 24.11],
		
["20241219", 17700, 18060, 17470, 17850, 4646486, 24.12],
		
["20241220", 18530, 18550, 17570, 17570, 7472877, 23.96],
		
["20241223", 17830, 18330, 17770, 18160, 4139796, 23.85],
		
["20241224", 18160, 18690, 18160, 18280, 4603391, 23.96],
		
["20241226", 18470, 18520, 17860, 17860, 3625772, 23.91],
		
["20241227", 18130, 18180, 17430, 17620, 4586870, 23.87],
		
["20241230", 17600, 17840, 17500, 17550, 2594742, 23.82],
		
["20250102", 17600, 18240, 17600, 18060, 3032474, 23.87],
		
["20250103", 18220, 18370, 17960, 18200, 4544088, 23.76],
		
["20250106", 18500, 18740, 18190, 18630, 5055167, 23.82],
		
["20250107", 18900, 19080, 18740, 18980, 4591740, 23.96],
		
["20250108", 18690, 18900, 18370, 18900, 3834048, 23.94],
		
["20250109", 19060, 19060, 18350, 18830, 4165547, 23.86],
		
["20250110", 19770, 20550, 19300, 20000, 21673672, 23.99],
		
["20250113", 20300, 20550, 19820, 20100, 7574561, 23.95],
		
["20250114", 19940, 20200, 19830, 20100, 3913984, 23.97],
		
["20250115", 20200, 20600, 19900, 20300, 5122024, 23.89],
		
["20250116", 21000, 21100, 20600, 20800, 6025092, 23.89],
		
["20250117", 21500, 22000, 21150, 21750, 13756111, 23.94],
		
["20250120", 22100, 22900, 21600, 21900, 16311734, 23.83],
		
["20250121", 22150, 22350, 21700, 22050, 6325422, 23.81],
		
["20250122", 22550, 24250, 22500, 23950, 31258484, 24.73],
		
["20250123", 24050, 24100, 23400, 23850, 10160667, 24.59],
		
["20250124", 24900, 25150, 24300, 24700, 15520011, 24.7],
		
["20250131", 23500, 24100, 23150, 23900, 15303404, 24.38],
		
["20250203", 23150, 23800, 23100, 23350, 9026940, 24.46],
		
["20250204", 24000, 24750, 23650, 24400, 9612429, 24.56],
		
["20250205", 24600, 24600, 23700, 23950, 5969958, 24.52],
		
["20250206", 24500, 24500, 23850, 24000, 5496725, 24.54],
		
["20250207", 23250, 23650, 22700, 23200, 8864252, 24.59],
		
["20250210", 23600, 23800, 22900, 23000, 5482455, 24.57],
		
["20250211", 23050, 23950, 23050, 23550, 5280321, 24.64],
		
["20250212", 23600, 24350, 23350, 24250, 7299965, 24.67],
		
["20250213", 24500, 24650, 24050, 24550, 6884176, 24.72],
		
["20250214", 24550, 28250, 24450, 27600, 55550815, 25.16],
		
["20250217", 26900, 28700, 26150, 28200, 29333641, 24.91],
		
["20250218", 29400, 30550, 29050, 30300, 35485391, 25.25],
		
["20250219", 30900, 30900, 29500, 29850, 17987673, 25.14],
		
["20250220", 29400, 29800, 28100, 28650, 17575818, 25.11],
		
["20250221", 28750, 29450, 28300, 28950, 10117896, 24.97],
		
["20250224", 28250, 28750, 27500, 28100, 9711056, 25.03],
		
["20250225", 27700, 28600, 27400, 28250, 8160438, 25.01],
		
["20250226", 28000, 28200, 27200, 27600, 7857812, 24.91],
		
["20250227", 28000, 28200, 26900, 27050, 6824895, 24.82],
		
["20250228", 26500, 26900, 25250, 25400, 13565445, 24.81],
		
["20250304", 24750, 25850, 24700, 25500, 9094716, 24.63],
		
["20250305", 26550, 27200, 25650, 26900, 13199012, 24.4],
		
["20250306", 27000, 27400, 26325, 26500, 7474904, 24.07],
		
["20250307", 25850, 26700, 25350, 26350, 7395091, 24.02],
		
["20250310", 26300, 26600, 25650, 26250, 6310178, 24.01],
		
["20250311", 25150, 25700, 24650, 25550, 8281822, 24.04],
		
["20250312", 26050, 26950, 25800, 26250, 9482846, 24.08],
		
["20250313", 26350, 27150, 25850, 25850, 9559895, 23.95],
		
["20250314", 26400, 27100, 26000, 26750, 11307695, 24.01],
		
["20250317", 27100, 27100, 25550, 25600, 12152675, 23.68],
		
["20250318", 25300, 26200, 24750, 25800, 9464041, 23.71],
		
["20250319", 26050, 27400, 26000, 26600, 15416506, 23.77],
		
["20250320", 27050, 27100, 25450, 25500, 7791782, 23.69],
		
["20250321", 25250, 27650, 25250, 27000, 16078140, 23.95],
		
["20250324", 27000, 27150, 26500, 26600, 3809578, 23.86],
		
["20250325", 27000, 27750, 26350, 26550, 6096858, 23.81],
		
["20250326", 26700, 27050, 25700, 25750, 4072877, 23.77],
		
["20250327", 25400, 25850, 25000, 25050, 3399033, 23.77],
		
["20250328", 24700, 25050, 24100, 24350, 4248520, 23.92],
		
["20250331", 23450, 23850, 23300, 23450, 4304162, 24.01],
		
["20250401", 23700, 24350, 23700, 23850, 3603990, 24.05],
		
["20250402", 24150, 24700, 23650, 23950, 3804949, 24.03],
		
["20250403", 23050, 23950, 23000, 23600, 3317518, 23.81],
		
["20250404", 23050, 24250, 22250, 23050, 9303071, 23.88],
		
["20250407", 21800, 21950, 20500, 20650, 6966945, 23.96],
		
["20250408", 21600, 21600, 20550, 20750, 4971559, 24.03],
		
["20250409", 20500, 21100, 19960, 20150, 4963918, 24.1],
		
["20250410", 21950, 22150, 21400, 22150, 4519005, 23.96],
		
["20250411", 21600, 23400, 21400, 23400, 4735671, 23.96],
		
["20250414", 23800, 23850, 22950, 23350, 3014484, 23.77],
		
["20250415", 23550, 24350, 23200, 24100, 3836499, 23.68],
		
["20250416", 24250, 24250, 23200, 23350, 3167471, 23.63],
		
["20250417", 23250, 24600, 23250, 24450, 5611133, 23.61],
		
["20250418", 25250, 26200, 25000, 25950, 9342636, 23.58],
		
["20250421", 26550, 26600, 25600, 26050, 5684586, 23.5],
		
["20250422", 25600, 26200, 25550, 25650, 3763759, 23.51],
		
["20250423", 26250, 26250, 25600, 25750, 3008282, 23.49],
		
["20250424", 25750, 26950, 25700, 26900, 7151830, 23.67],
		
["20250425", 27850, 28000, 27450, 27900, 6572442, 23.76],
		
["20250428", 28250, 28500, 27650, 28300, 4927227, 23.82],
		
["20250429", 28450, 28950, 28050, 28900, 5013948, 23.97],
		
["20250430", 29350, 29900, 28400, 28950, 7230121, 24.02],
		
["20250502", 29450, 29500, 27050, 27700, 11490437, 23.92],
		
["20250507", 25150, 27500, 25150, 27300, 12312853, 24.52],
		
["20250508", 27450, 28000, 26650, 27750, 6334443, 24.54],
		
["20250509", 28050, 28700, 27600, 27850, 4958723, 24.45],
		
["20250512", 28850, 30150, 28400, 28800, 13828502, 24.59],
		
["20250513", 29150, 29950, 28450, 29650, 7723345, 24.65],
		
["20250514", 30400, 31450, 30250, 31300, 14737537, 24.84],
		
["20250515", 31900, 32750, 31100, 31950, 9164026, 25.0],
		
["20250516", 32450, 34750, 31900, 34300, 17619218, 25.38],
		
["20250519", 34900, 35000, 33750, 34600, 9332808, 25.08],
		
["20250520", 34450, 37300, 34350, 37200, 15739607, 25.65],
		
["20250521", 38650, 39300, 37100, 39100, 17374970, 25.77],
		
["20250522", 38500, 39000, 37600, 38250, 10239052, 25.54],
		
["20250523", 39850, 41400, 39300, 40800, 16382809, 25.7],
		
["20250526", 42800, 42850, 40150, 41500, 15784843, 25.63],
		
["20250527", 40800, 42550, 40550, 42350, 10536843, 25.86],
		
["20250528", 43300, 43450, 39100, 39800, 23906372, 26.09],
		
["20250529", 40100, 42400, 39800, 42200, 14449764, 26.3],
		
["20250530", 41750, 41750, 39850, 40350, 12787928, 25.93],
		
["20250602", 39300, 41850, 39300, 40950, 10013882, 26.25],
		
["20250604", 40900, 42900, 40750, 42650, 11387783, 26.56],
		
["20250605", 45750, 46250, 43100, 45900, 20061143, 26.64],
		
["20250609", 47200, 48200, 46100, 47500, 12678443, 26.41],
		
["20250610", 47550, 48500, 45800, 48000, 12176419, 26.27],
		
["20250611", 47950, 51600, 47450, 51100, 14201108, 26.59],
		
["20250612", 54300, 56300, 53000, 54600, 16430444, 26.26],
		
["20250613", 55300, 55400, 52400, 54600, 14943904, 25.73],
		
["20250616", 55500, 59800, 54200, 59600, 14476095, 25.36],
		
["20250617", 62500, 63200, 56500, 59400, 23039564, 24.51],
		
["20250618", 58900, 62300, 57700, 61000, 14495257, 24.27],
		
["20250619", 60500, 61500, 59200, 61000, 7994191, 24.23],
		
["20250620", 60200, 61000, 58200, 60200, 10039131, 24.31],
		
["20250623", 59100, 69400, 59100, 68600, 28367599, 24.83],
		
["20250624", 70600, 71400, 67000, 68900, 13780632, 24.55],
		
["20250625", 68400, 69300, 64200, 65800, 11308003, 24.35],
		
["20250626", 63800, 67100, 62500, 64700, 13499836, 24.33],
		
["20250627", 64300, 66500, 63800, 65800, 7601019, 24.43],
		
["20250630", 70400, 72200, 66800, 68400, 12295863, 24.27],
		
["20250701", 67800, 69300, 61700, 62500, 14134978, 24.31],
		
["20250702", 62300, 63000, 59500, 61600, 12016774, 24.27],
		
["20250703", 63100, 64100, 61300, 61900, 6984206, 24.18],
		
["20250704", 61500, 64000, 59800, 60000, 7881195, 24.27],
		
["20250707", 58900, 63500, 58600, 62900, 9074725, 24.3],
		
["20250708", 63700, 66800, 62900, 66600, 10035127, 24.31],
		
["20250709", 67100, 67100, 64100, 64400, 6921230, 24.0],
		
["20250710", 65200, 65300, 62500, 63100, 7153224, 23.92],
		
["20250711", 63500, 63700, 60500, 60500, 7581825, 23.79],
		
["20250714", 60800, 63000, 59000, 60200, 7522323, 23.9],
		
["20250715", 62400, 65300, 61100, 65300, 12238170, 24.11],
		
["20250716", 64800, 65100, 62900, 63600, 6041772, 24.02],
		
["20250717", 64900, 65500, 62600, 63300, 5721579, 23.9],
		
["20250718", 63700, 65000, 62600, 64800, 5840366, 24.01],
		
["20250721", 65800, 68500, 64700, 68400, 12003142, 24.34],
		
["20250722", 67000, 67000, 62500, 62600, 12619813, 23.67],
		
["20250723", 63400, 64100, 62400, 63400, 4609170, 23.61],
		
["20250724", 65500, 67100, 64800, 65400, 8285648, 23.9],
		
["20250725", 65900, 66700, 64000, 65900, 6428969, 24.0],
		
["20250728", 65100, 65200, 62600, 63500, 6552841, 23.63],
		
["20250729", 63800, 65400, 62300, 65100, 6058820, 23.76],
		
["20250730", 64400, 64700, 63500, 63700, 3994493, 23.64],
		
["20250731", 64900, 66800, 63600, 65600, 10172066, 23.78],
		
["20250801", 64900, 65200, 60900, 61400, 9805226, 23.23],
		
["20250804", 61200, 64900, 61100, 64300, 7644885, 23.7],
		
["20250805", 65100, 65800, 64000, 64800, 4234409, 23.78],
		
["20250806", 65400, 66900, 64800, 66300, 7621974, 23.99],
		
["20250807", 66300, 67800, 65100, 65400, 7028428, 23.94],
		
["20250808", 65800, 66500, 64700, 66400, 3430734, 23.99],
		
["20250811", 66900, 70000, 66600, 69400, 12119383, 24.37],
		
["20250812", 70000, 70600, 65100, 65500, 11456932, 23.77],
		
["20250813", 66900, 67000, 65200, 66500, 3751147, 23.74],
		
["20250814", 66100, 66400, 64400, 65500, 4562288, 23.7],
		
["20250818", 65300, 66800, 64900, 65100, 3325497, 23.63],
		
["20250819", 62700, 63800, 59500, 59500, 11588978, 23.51],
		
["20250820", 54300, 58300, 51100, 57400, 27973111, 23.37],
		
["20250821", 58200, 63300, 57200, 61500, 18858670, 23.38],
		
["20250822", 62800, 63000, 61500, 62200, 6049757, 23.3],
		
["20250825", 63800, 66200, 62700, 65900, 9091500, 23.6],
		
["20250826", 64400, 64500, 62500, 63300, 8035078, 23.28],
		
["20250827", 64000, 64800, 62700, 63100, 5128958, 23.3],
		
["20250828", 63100, 63600, 62500, 62900, 3239392, 23.29],
		
["20250829", 63100, 63300, 61500, 61700, 4054284, 23.28],
		
["20250901", 60800, 62700, 59100, 59600, 5716620, 23.25],
		
["20250902", 60500, 61300, 59600, 60400, 2966108, 23.23],
		
["20250903", 61300, 63100, 61200, 62400, 5684184, 23.25],
		
["20250904", 63800, 64500, 62400, 62800, 5423711, 23.24],
		
["20250905", 62500, 62600, 61400, 61800, 2993213, 23.15],
		
["20250908", 61200, 61400, 60500, 60900, 2969015, 23.05],
		
["20250909", 61100, 62700, 60200, 62200, 4166491, 23.15],
		
["20250910", 62500, 63100, 61700, 62600, 4417144, 23.2],
		
["20250911", 62700, 62800, 60700, 61000, 5153511, 23.12],
		
["20250912", 59900, 61000, 58400, 61000, 6545777, 23.39],
		
["20250915", 60500, 60700, 58600, 58800, 6290788, 23.15],
		
["20250916", 60100, 63500, 59900, 63300, 10211386, 23.96],
		
["20250917", 62200, 62200, 60800, 61300, 4251068, 23.77],
		
["20250918", 62400, 62500, 60600, 60600, 4347323, 23.43],
		
["20250919", 61900, 63300, 60600, 60800, 4819288, 23.37],
		
["20250922", 63000, 64200, 62200, 62400, 6830285, 23.72],
		
["20250923", 62000, 64400, 61800, 63100, 7614160, 23.92],
		
["20250924", 63400, 66400, 63300, 65900, 12114101, 24.19],
		
["20250925", 67000, 67000, 63500, 64000, 7602443, 23.85],
		
["20250926", 63500, 64300, 62100, 63100, 5541302, 23.59],
		
["20250929", 62700, 64200, 62100, 62900, 3647678, 23.61],
		
["20250930", 62900, 62900, 61900, 62700, 3606043, 23.55],
		
["20251001", 62700, 65600, 62700, 64600, 6938399, 23.94],
		
["20251002", 65200, 66300, 63800, 64800, 6999933, 24.08],
		
["20251010", 66300, 74800, 66100, 74500, 19302308, 25.02],
		
["20251013", 74900, 78500, 73400, 77600, 14272165, 24.76],
		
["20251014", 79600, 79700, 74500, 75800, 12010193, 24.77],
		
["20251015", 77200, 83100, 76500, 82900, 11930455, 25.08],
		
["20251016", 84700, 84700, 82400, 83700, 7429581, 24.91],
		
["20251017", 81200, 83600, 79800, 80200, 7348394, 24.78],
		
["20251020", 82200, 82300, 79400, 80300, 4709983, 24.67],
		
["20251021", 81100, 83800, 79500, 80000, 7005242, 24.56],
		
["20251022", 78300, 79100, 77100, 79000, 4895634, 24.45],
		
["20251023", 76600, 77800, 75500, 76300, 5543167, 24.32],
		
["20251024", 78300, 81000, 77400, 80900, 8095168, 24.26],
		
["20251027", 82400, 82800, 80900, 81900, 4964095, 24.19],
		
["20251028", 83600, 86500, 82300, 86400, 9619982, 24.35],
		
["20251029", 90700, 97400, 90100, 96400, 16679002, 24.86],
		
["20251030", 93200, 93700, 89100, 89700, 10224579, 24.42],
		
["20251031", 90600, 91200, 88200, 88700, 5182993, 24.18],
		
["20251103", 89500, 90300, 88700, 89500, 4163376, 24.08],
		
["20251104", 88300, 91900, 88100, 89500, 5250243, 24.03],
		
["20251105", 86200, 86500, 79200, 83600, 12058956, 23.7],
		
["20251106", 85700, 87500, 79000, 79300, 9627107, 23.41],
		
["20251107", 76000, 80900, 75800, 77900, 8514588, 23.41],
		
["20251110", 78700, 80600, 77300, 79600, 4562734, 23.32],
		
["20251111", 80000, 80600, 76900, 78200, 5045991, 23.36],
		
["20251112", 78900, 79600, 77800, 78400, 2934998, 23.38],
		
["20251113", 78900, 83900, 78600, 83100, 7945958, 23.61],
		
["20251114", 80500, 81400, 78200, 78400, 6117065, 23.23],
		
["20251117", 79200, 79900, 78400, 78800, 2785151, 23.19],
		
["20251118", 77100, 79300, 75000, 75400, 4481145, 23.19],
		
["20251119", 77200, 77500, 72500, 74400, 4874642, 23.06],
		
["20251120", 77100, 79500, 76500, 77700, 4284021, 23.07],
		
["20251121", 73600, 73900, 72500, 73100, 3710469, 22.93],
		
["20251124", 74200, 74500, 71700, 72500, 4434839, 22.86],
		
["20251125", 74500, 75300, 72800, 73500, 2759653, 22.87],
		
["20251126", 74600, 78400, 74400, 77700, 4463298, 22.99],
		
["20251127", 79400, 79900, 77000, 77600, 3201206, 22.95],
		
["20251128", 77800, 77800, 76100, 76400, 2094782, 22.82],
		
["20251201", 77400, 77900, 74600, 74900, 2242179, 22.78],
		
["20251202", 74600, 76800, 74200, 75000, 2978860, 22.75],
		
["20251203", 78000, 78700, 76200, 78400, 3892884, 22.8],
		
["20251204", 80600, 81200, 78000, 79200, 3902774, 22.69],
		
["20251205", 79600, 80700, 78400, 80400, 3813990, 22.77],
		
["20251208", 78100, 78100, 76300, 76800, 5826257, 22.66],
		
["20251209", 76700, 77900, 75300, 76700, 2739253, 22.64],
		
["20251210", 76700, 78100, 76400, 76800, 2489211, 22.64],
		
["20251211", 78000, 79200, 77100, 77300, 4672243, 22.67],
		
["20251212", 78700, 80400, 77600, 79700, 5474020, 22.71],
		
["20251215", 76800, 77600, 76100, 77100, 4304510, 22.56],
		
["20251216", 77100, 79000, 73400, 77300, 7621947, 22.49],
		
["20251217", 78100, 78500, 74800, 75500, 3971897, 22.41],
		
["20251218", 74400, 75900, 72600, 74500, 3102027, 22.43],
		
["20251219", 75700, 77600, 74800, 77400, 3687392, 22.48],
		
["20251222", 79400, 80100, 77700, 78000, 4089864, 22.46],
		
["20251223", 78600, 79000, 77500, 77600, 2742514, 22.49],
		
["20251224", 77900, 78000, 75800, 75900, 2536166, 22.47],
		
["20251226", 75900, 75900, 73500, 73600, 5247445, 22.37],
		
["20251229", 74400, 76500, 73800, 76500, 3657688, 22.49],
		
["20251230", 75600, 77700, 75100, 75300, 2834603, 22.47],
		
["20260102", 75800, 76200, 74600, 75200, 2800553, 22.45],
		
["20260105", 76600, 83300, 76500, 83200, 15125707, 23.13],
		
["20260106", 86000, 86100, 81900, 85900, 9538963, 23.04],
		
["20260107", 85000, 86900, 83200, 84000, 6931439, 23.07],
		
["20260108", 85000, 86000, 83300, 83700, 4745395, 23.05],
		
["20260109", 84900, 87300, 83300, 84200, 5124556, 22.98],
		
["20260112", 87700, 90400, 86200, 88100, 11400912, 23.16],
		
["20260113", 88000, 88100, 85500, 87000, 5385770, 22.94],
		
["20260114", 88000, 90800, 86500, 89600, 11558755, 23.21],
		
["20260115", 90000, 90100, 88400, 89500, 4591674, 23.12],
		
["20260116", 90100, 96400, 89900, 95300, 17969737, 23.86],
		
["20260119", 97000, 97000, 93700, 95400, 8509605, 23.6],
		
["20260120", 96100, 98100, 92500, 95300, 10795773, 23.55],
		
["20260121", 91500, 92900, 90200, 91300, 7923831, 23.39],
		
["20260122", 94100, 95700, 89500, 90000, 8033403, 23.39],
		
["20260123", 90800, 94900, 90000, 93300, 8194841, 23.69],
		
["20260126", 94600, 94600, 91100, 91800, 5800785, 23.49],
		
["20260127", 96000, 96200, 92700, 93600, 6846342, 23.39],
		
["20260128", 94100, 94200, 91200, 92000, 6937694, 23.17],
		
["20260129", 92400, 95600, 92400, 94000, 10185321, 23.54],
		
["20260130", 93000, 94000, 90400, 90600, 6970845, 23.19],
		
["20260202", 87800, 91400, 85400, 86200, 6823888, 23.19],
		
["20260203", 88300, 91200, 87300, 91200, 4647177, 23.4],
		
["20260204", 94400, 96700, 92100, 96500, 12423583, 24.04],
		
["20260205", 94000, 96100, 90300, 90600, 7594510, 23.56],
		
["20260206", 88300, 89500, 85200, 89000, 5838705, 23.24],
		
["20260209", 93100, 96900, 91800, 95400, 9843507, 23.74],
		
["20260210", 95100, 95400, 93300, 94100, 3956141, 23.76],
		
["20260211", 95400, 96500, 94000, 95500, 5915111, 23.96],
		
["20260212", 94700, 95500, 92300, 95500, 6335775, 23.62],
		
["20260213", 94000, 99900, 93700, 96700, 17459913, 24.0],
		
["20260219", 100500, 100600, 98300, 98400, 5026177, 23.81],
		
["20260220", 99200, 106800, 98400, 103500, 12069557, 24.19],
		
["20260223", 105300, 105300, 101000, 102000, 5545186, 24.01],
		
["20260224", 101800, 102700, 99100, 101300, 3886617, 23.93],
		
["20260225", 102300, 104200, 101400, 103200, 4216954, 24.01],
		
["20260226", 104100, 104500, 102600, 103800, 4153497, 23.99],
		
["20260227", 105500, 110200, 105500, 106300, 8296804, 24.16],
		
["20260303", 104700, 106200, 96700, 96900, 7514576, 23.96],
		
["20260304", 91300, 93300, 79000, 80600, 13364978, 24.0],
		
["20260305", 91000, 93200, 89100, 90500, 6781072, 23.92],
		
["20260306", 88600, 98200, 88600, 98000, 7901291, 23.86],
		
["20260309", 98600, 99700, 91500, 96200, 7957034, 23.47],
		
["20260310", 100300, 104900, 99900, 102500, 10814168, 24.08],
		
["20260311", 103800, 104500, 99200, 101000, 6103321, 23.97],
		
["20260312", 101000, 104600, 101000, 103500, 4875165, 24.09],
		
["20260313", 100700, 108500, 100700, 106500, 9435079, 24.18],
		
["20260316", 108000, 110700, 105000, 105700, 5817407, 24.0],
		
["20260317", 107100, 107200, 104400, 104400, 3105960, 23.96],
		
["20260318", 106800, 108600, 106500, 107300, 4134308, 24.19],
		
["20260319", 105100, 108500, 105000, 106300, 3330546, 24.24],
		
["20260320", 107500, 112100, 105600, 109600, 8066734, 24.51],
		
["20260323", 107100, 107200, 100400, 100700, 6026425, 24.13],
		
["20260324", 105700, 106800, 97200, 100100, 5096704, 23.96],
		
["20260325", 102400, 104800, 101300, 102600, 3200148, 24.09],
		
["20260326", 103000, 104200, 99600, 100900, 2606678, 24.12],
		
["20260327", 97700, 99200, 95100, 98100, 3549743, 23.98],
		
["20260330", 93000, 94500, 91400, 94200, 2828606, 23.94],
		
["20260331", 94900, 95900, 91100, 91800, 4215936, 23.84],
		
["20260401", 97800, 100400, 96000, 99600, 3416180, 23.98],
		
["20260402", 100500, 101400, 92500, 93600, 5180190, 23.94],
		
["20260403", 96200, 97400, 95300, 96600, 2522536, 23.99],
		
["20260406", 96500, 99000, 95500, 95700, 2040458, 23.94],
		
["20260407", 96900, 97700, 94000, 94900, 2102382, 23.94],
		
["20260408", 99200, 101700, 99200, 101200, 4010457, 24.18],
		
["20260409", 100100, 101700, 99500, 100000, 2195437, 24.24],
		
["20260410", 101200, 101200, 99500, 100200, 2785465, 24.14],
		
["20260413", 97900, 99300, 96700, 99300, 1746075, 24.16],
		
["20260414", 100800, 101300, 99600, 99700, 1937143, 24.15],
		
["20260415", 101900, 105700, 101600, 104200, 5470474, 24.5],
		
["20260416", 107800, 112000, 106500, 110800, 8123993, 25.0],
		
["20260417", 111600, 111800, 107300, 108500, 3591052, 24.81],
		
["20260420", 109200, 114700, 108600, 111000, 5644556, 24.98],
		
["20260421", 113500, 116400, 112600, 115700, 4773848, 25.16],
		
["20260422", 115000, 116800, 112000, 115900, 3779530, 25.08],
		
["20260423", 119600, 123900, 118100, 122600, 8119024, 25.45],
		
["20260424", 123000, 127950, 122600, 127100, 5682618, 25.58],
		
["20260427", 130300, 130300, 125600, 128900, 3984476, 25.49],
		
["20260428", 128400, 129400, 126300, 127800, 3191190, 25.47],
		
["20260429", 126200, 131100, 126200, 129200, 3292329, 25.53],
		
["20260430", 129800, 129900, 126000, 127100, 3380571, 25.44],
		
["20260504", 128800, 129700, 125600, 127200, 3214565, 25.38],
		
["20260506", 127900, 130000, 126100, 127000, 3905996, 25.43],
		
["20260507", 131400, 139200, 131200, 136400, 7805577, 25.67],
		
["20260508", 134500, 134800, 128000, 129600, 4535272, 25.25],
		
["20260511", 130700, 130700, 126800, 128000, 3619903, 25.21],
		
["20260512", 130600, 134000, 120500, 125600, 6170656, 25.27],
		
["20260513", 123800, 124600, 117500, 120000, 4596035, 25.1],
		
["20260514", 121600, 122300, 116000, 117100, 4374858, 24.98],
		
["20260515", 118800, 118900, 108400, 110800, 5217764, 24.96],
		
["20260518", 108100, 113600, 103500, 112100, 4669776, 24.9],
		
["20260519", 111000, 112900, 103900, 106000, 3654573, 24.8],
		
["20260520", 106400, 107100, 99700, 101300, 4332142, 24.93],
		
["20260521", 107200, 109500, 106800, 108400, 2673341, 24.87],
		
["20260522", 117000, 117000, 110600, 111600, 2908260, 24.79],
		
["20260526", 114300, 115800, 111000, 112600, 3027392, 24.74],
		
["20260527", 114700, 114800, 108200, 108500, 3275977, 24.73],
		
["20260528", 110600, 111800, 102200, 105900, 3224326, 24.75],
		
["20260529", 107400, 107500, 102500, 105600, 4626529, 24.75],
		
["20260601", 109300, 114200, 106900, 106900, 4623394, 24.74],
		
["20260602", 108800, 109300, 99700, 100000, 4963793, 24.48],
		
["20260604", 100000, 100400, 97900, 99200, 2776755, 24.39],
		
["20260605", 100000, 100100, 92600, 95600, 3954422, 24.37],
		
["20260608", 87000, 90400, 85500, 85800, 3956048, 24.31],
		
["20260609", 88300, 93300, 87700, 92300, 3082661, 24.34],
		
["20260610", 89900, 92100, 87500, 91100, 2646807, 24.25],
		
["20260611", 88500, 89200, 85300, 88600, 3002950, 24.17],
		
["20260612", 93300, 95000, 91100, 93100, 2998526, 24.09],
		
["20260615", 100400, 101200, 97600, 99800, 2520626, 24.06],
		
["20260616", 105100, 105500, 101800, 103300, 3301721, 23.96],
		
["20260617", 104500, 106200, 102500, 103200, 2408504, 23.98],
		
["20260618", 108600, 109300, 99600, 99600, 4268637, 23.75],
		
["20260619", 101000, 101900, 94300, 97900, 4391283, 23.78],
		
["20260622", 95600, 97000, 94100, 94200, 2146567, 23.86],
		
["20260623", 94000, 98700, 89000, 89200, 4439638, 23.96],
		
["20260624", 89300, 92800, 87200, 90600, 3053656, 24.03],
		
["20260625", 92100, 93200, 87600, 87800, 2738234, 23.99],
		
["20260626", 86900, 87800, 79300, 81100, 4769262, 24.06],
		
["20260629", 80400, 88600, 79600, 88000, 4231835, 24.23],
		
["20260630", 88400, 88600, 84500, 86800, 2498630, 24.14],
		
["20260701", 89100, 90800, 86100, 88500, 2186748, 24.16],
		
["20260702", 87300, 89400, 84100, 86000, 2538076, 24.17],
		
["20260703", 86000, 87400, 80100, 86200, 2936728, 24.19],
		
["20260706", 88700, 90300, 82950, 85500, 2210209, 24.15],
		
["20260707", 83900, 84500, 78900, 81600, 2596943, 24.05],
		
["20260708", 79300, 79800, 72700, 74000, 3895625, 24.15],
		
["20260709", 74100, 77000, 71600, 73200, 3641029, 24.19],
		
["20260710", 74700, 79900, 74300, 78100, 3005529, 24.19],
		
["20260713", 78600, 79700, 72300, 73200, 2881964, 24.04],
		
["20260714", 73000, 73400, 68200, 70900, 4079032, 23.94],
		
["20260715", 73000, 74300, 72000, 73000, 2540969, 23.96],
		
["20260716", 70900, 71800, 68500, 69700, 2541779, 23.88],
		
["20260720", 65900, 67000, 63800, 64800, 2835943, 24.0],
		
["20260721", 64700, 67400, 63000, 66800, 2611452, 24.15],
		
["20260722", 69100, 72700, 68100, 69200, 3001478, 24.22],
		
["20260723", 70300, 73300, 69900, 73200, 1764464, 24.23],
		
["20260724", 72500, 74000, 71200, 72100, 2017878, 24.14],
		
["20260727", 72400, 72600, 69100, 70900, 1484901, 24.03],
		
["20260728", 68700, 68900, 64000, 64700, 2148321, 24.0],
		
["20260729", 66500, 66600, 57000, 60800, 4800443, 24.06],
		
["20260730", 59000, 63500, 59000, 60200, 3193446, 24.1],
		
["20260731", 64000, 67800, 63600, 67100, 3208797, 24.21],
		
["20260803", 67400, 68300, 65000, 67700, 1762521, 24.08],
		
["20260804", 68200, 73200, 67900, 73000, 2577175, 24.13],
		
["20260805", 75400, 77300, 73500, 77000, 2227898, 24.1],
		
["20260806", 75800, 78800, 74300, 76400, 1963326, 24.02],
		
["20260807", 77100, 78400, 74000, 77100, 1606838, 24.03],
		
["20260810", 79500, 80000, 77600, 79900, 1894842, 23.95],
		
["20260811", 79000, 79100, 77300, 77900, 1423064, 23.89],
		
["20260812", 79200, 81500, 78000, 80300, 2082680, 23.96],
		
["20260813", 82100, 83300, 80600, 80900, 2271931, 24.08],
		
["20260814", 84100, 85700, 81000, 82600, 2119063, 24.06],
		
["20260818", 82300, 83000, 76800, 77900, 2281893, 23.98],
		
["20260819", 73600, 76900, 72600, 76200, 1818090, 24.02],
		
["20260820", 76800, 77300, 75700, 75900, 1377164, 24.0],
		
["20260821", 77900, 77900, 72500, 73300, 2467372, 23.81],
		
["20260824", 73400, 73500, 71800, 73000, 1314814, 23.83],
		
["20260825", 74700, 81600, 72600, 80700, 5507764, 23.99],
		
["20260826", 82900, 86700, 81100, 85800, 6424721, 23.99]
		
	

]
