
 [['날짜', '시가', '고가', '저가', '종가', '거래량', '외국인소진율'],

	
		
["20240102", 2645.47, 2675.8, 2641.88, 2669.81, 409872, 0.0],
		
["20240103", 2643.54, 2643.72, 2607.31, 2607.31, 463132, 0.0],
		
["20240104", 2592.44, 2602.64, 2580.09, 2587.02, 770176, 0.0],
		
["20240105", 2586.89, 2592.29, 2572.6, 2578.08, 522290, 0.0],
		
["20240108", 2584.23, 2591.68, 2566.34, 2567.82, 320144, 0.0],
		
["20240109", 2598.31, 2599.37, 2556.0, 2561.24, 791214, 0.0],
		
["20240110", 2563.97, 2568.19, 2539.82, 2541.98, 570021, 0.0],
		
["20240111", 2543.03, 2557.3, 2540.27, 2540.27, 788423, 0.0],
		
["20240112", 2536.55, 2543.83, 2517.76, 2525.05, 790177, 0.0],
		
["20240115", 2525.69, 2536.06, 2515.84, 2525.99, 802102, 0.0],
		
["20240116", 2516.27, 2524.35, 2491.13, 2497.59, 659579, 0.0],
		
["20240117", 2501.23, 2503.91, 2435.34, 2435.9, 965595, 0.0],
		
["20240118", 2439.96, 2453.97, 2429.12, 2440.04, 571507, 0.0],
		
["20240119", 2468.43, 2479.0, 2455.5, 2472.74, 518807, 0.0],
		
["20240122", 2489.57, 2490.69, 2464.35, 2464.35, 388046, 0.0],
		
["20240123", 2478.32, 2482.84, 2464.24, 2478.61, 472284, 0.0],
		
["20240124", 2476.22, 2476.22, 2454.34, 2469.69, 395464, 0.0],
		
["20240125", 2467.73, 2474.01, 2452.36, 2470.34, 357234, 0.0],
		
["20240126", 2458.05, 2502.61, 2453.45, 2478.56, 292662, 0.0],
		
["20240129", 2490.93, 2516.92, 2483.81, 2500.65, 427440, 0.0],
		
["20240130", 2523.68, 2528.54, 2498.81, 2498.81, 481809, 0.0],
		
["20240131", 2487.9, 2502.45, 2486.97, 2497.09, 454574, 0.0],
		
["20240201", 2491.93, 2542.46, 2491.93, 2542.46, 751075, 0.0],
		
["20240202", 2559.4, 2615.34, 2559.39, 2615.31, 596121, 0.0],
		
["20240205", 2612.77, 2612.77, 2562.5, 2591.31, 511678, 0.0],
		
["20240206", 2584.2, 2599.18, 2563.87, 2576.2, 411618, 0.0],
		
["20240207", 2592.59, 2625.24, 2588.09, 2609.58, 518182, 0.0],
		
["20240208", 2620.26, 2629.51, 2610.21, 2620.32, 430009, 0.0],
		
["20240213", 2644.17, 2656.87, 2640.96, 2649.64, 559385, 0.0],
		
["20240214", 2609.6, 2627.31, 2601.99, 2620.42, 543525, 0.0],
		
["20240215", 2643.81, 2643.86, 2613.8, 2613.8, 621363, 0.0],
		
["20240216", 2635.63, 2648.76, 2625.01, 2648.76, 593842, 0.0],
		
["20240219", 2653.12, 2683.39, 2653.12, 2680.26, 422699, 0.0],
		
["20240220", 2671.55, 2673.84, 2643.93, 2657.79, 612668, 0.0],
		
["20240221", 2656.92, 2670.95, 2644.04, 2653.31, 562144, 0.0],
		
["20240222", 2671.69, 2671.69, 2653.99, 2664.27, 456397, 0.0],
		
["20240223", 2681.03, 2694.8, 2665.21, 2667.7, 415376, 0.0],
		
["20240226", 2657.35, 2659.6, 2629.78, 2647.08, 531661, 0.0],
		
["20240227", 2654.76, 2654.76, 2619.38, 2625.05, 574302, 0.0],
		
["20240228", 2629.11, 2657.32, 2623.15, 2652.29, 421553, 0.0],
		
["20240229", 2643.48, 2647.56, 2628.62, 2642.36, 496064, 0.0],
		
["20240304", 2664.52, 2682.8, 2662.32, 2674.27, 404014, 0.0],
		
["20240305", 2660.8, 2684.83, 2649.35, 2649.4, 457237, 0.0],
		
["20240306", 2638.84, 2649.78, 2630.16, 2641.49, 378994, 0.0],
		
["20240307", 2653.98, 2660.26, 2633.57, 2647.62, 462911, 0.0],
		
["20240308", 2676.79, 2688.0, 2668.38, 2680.35, 454260, 0.0],
		
["20240311", 2665.58, 2677.21, 2658.74, 2659.84, 391385, 0.0],
		
["20240312", 2673.47, 2686.14, 2659.72, 2681.81, 403969, 0.0],
		
["20240313", 2694.71, 2701.45, 2679.54, 2693.57, 498760, 0.0],
		
["20240314", 2698.37, 2718.76, 2696.31, 2718.76, 609288, 0.0],
		
["20240315", 2701.91, 2705.59, 2666.84, 2666.84, 584948, 0.0],
		
["20240318", 2678.52, 2688.07, 2665.28, 2685.84, 408182, 0.0],
		
["20240319", 2673.57, 2673.57, 2645.14, 2656.17, 695866, 0.0],
		
["20240320", 2680.7, 2692.52, 2674.09, 2690.14, 720452, 0.0],
		
["20240321", 2731.18, 2755.45, 2724.25, 2754.86, 825227, 0.0],
		
["20240322", 2751.15, 2763.06, 2738.18, 2748.56, 509545, 0.0],
		
["20240325", 2756.59, 2763.63, 2731.7, 2737.57, 489620, 0.0],
		
["20240326", 2756.42, 2779.4, 2752.27, 2757.09, 448301, 0.0],
		
["20240327", 2745.0, 2762.03, 2745.0, 2755.11, 510644, 0.0],
		
["20240328", 2753.22, 2756.86, 2742.68, 2745.82, 419278, 0.0],
		
["20240329", 2757.27, 2757.55, 2739.12, 2746.63, 495496, 0.0],
		
["20240401", 2766.24, 2769.87, 2747.4, 2747.86, 397601, 0.0],
		
["20240402", 2744.15, 2760.33, 2737.19, 2753.16, 630393, 0.0],
		
["20240403", 2730.68, 2732.29, 2706.97, 2706.97, 640806, 0.0],
		
["20240404", 2738.24, 2746.39, 2727.1, 2742.0, 477953, 0.0],
		
["20240405", 2713.96, 2730.47, 2705.31, 2714.21, 621031, 0.0],
		
["20240408", 2718.76, 2725.58, 2706.74, 2717.65, 620653, 0.0],
		
["20240409", 2733.23, 2741.23, 2703.96, 2705.16, 470184, 0.0],
		
["20240411", 2665.4, 2718.07, 2661.92, 2706.96, 561333, 0.0],
		
["20240412", 2710.89, 2712.45, 2678.21, 2681.82, 514575, 0.0],
		
["20240415", 2661.36, 2673.26, 2641.16, 2670.43, 561950, 0.0],
		
["20240416", 2644.17, 2647.6, 2601.45, 2609.63, 570212, 0.0],
		
["20240417", 2619.15, 2626.63, 2584.18, 2584.18, 414348, 0.0],
		
["20240418", 2595.46, 2642.03, 2593.26, 2634.7, 478786, 0.0],
		
["20240419", 2600.69, 2609.9, 2553.55, 2591.86, 809473, 0.0],
		
["20240422", 2615.72, 2629.44, 2604.37, 2629.44, 401892, 0.0],
		
["20240423", 2632.15, 2641.78, 2619.72, 2623.02, 430276, 0.0],
		
["20240424", 2662.84, 2677.85, 2662.84, 2675.75, 325740, 0.0],
		
["20240425", 2646.8, 2656.51, 2628.62, 2628.62, 334062, 0.0],
		
["20240426", 2650.94, 2662.1, 2641.35, 2656.33, 450521, 0.0],
		
["20240429", 2675.46, 2687.44, 2665.21, 2687.44, 470546, 0.0],
		
["20240430", 2693.22, 2710.23, 2687.29, 2692.06, 460084, 0.0],
		
["20240502", 2679.04, 2692.47, 2678.84, 2683.65, 351087, 0.0],
		
["20240503", 2704.31, 2705.26, 2676.63, 2676.63, 338612, 0.0],
		
["20240507", 2718.17, 2734.36, 2716.62, 2734.36, 532203, 0.0],
		
["20240508", 2732.11, 2745.05, 2727.93, 2745.05, 436315, 0.0],
		
["20240509", 2743.29, 2749.14, 2710.25, 2712.14, 423811, 0.0],
		
["20240510", 2737.95, 2743.58, 2723.21, 2727.63, 586133, 0.0],
		
["20240513", 2735.2, 2738.38, 2713.92, 2727.21, 625278, 0.0],
		
["20240514", 2732.98, 2735.82, 2722.74, 2730.34, 443296, 0.0],
		
["20240516", 2770.27, 2773.46, 2748.22, 2753.0, 521841, 0.0],
		
["20240517", 2751.47, 2752.17, 2724.62, 2724.62, 575936, 0.0],
		
["20240520", 2741.24, 2756.41, 2734.64, 2742.14, 582071, 0.0],
		
["20240521", 2733.03, 2734.48, 2719.74, 2724.18, 560819, 0.0],
		
["20240522", 2723.46, 2733.07, 2707.87, 2723.46, 484724, 0.0],
		
["20240523", 2719.03, 2734.27, 2704.0, 2721.81, 428079, 0.0],
		
["20240524", 2693.65, 2696.99, 2681.17, 2687.6, 501639, 0.0],
		
["20240527", 2697.16, 2725.08, 2693.66, 2722.99, 556710, 0.0],
		
["20240528", 2715.52, 2730.12, 2714.34, 2722.85, 440957, 0.0],
		
["20240529", 2719.56, 2721.63, 2677.07, 2677.3, 438981, 0.0],
		
["20240530", 2666.63, 2666.63, 2635.44, 2635.44, 372742, 0.0],
		
["20240531", 2657.87, 2664.48, 2635.77, 2636.52, 613718, 0.0],
		
["20240603", 2657.81, 2690.73, 2657.81, 2682.52, 782329, 0.0],
		
["20240604", 2668.73, 2679.47, 2659.43, 2662.1, 773460, 0.0],
		
["20240605", 2681.11, 2697.43, 2667.63, 2689.5, 881481, 0.0],
		
["20240607", 2718.25, 2729.63, 2705.23, 2722.67, 783871, 0.0],
		
["20240610", 2698.71, 2718.89, 2689.19, 2701.17, 506892, 0.0],
		
["20240611", 2716.72, 2718.88, 2702.17, 2705.32, 558893, 0.0],
		
["20240612", 2709.65, 2730.3, 2707.44, 2728.17, 511009, 0.0],
		
["20240613", 2764.18, 2776.72, 2752.61, 2754.89, 700027, 0.0],
		
["20240614", 2759.22, 2769.16, 2750.86, 2758.42, 644979, 0.0],
		
["20240617", 2754.83, 2759.86, 2741.03, 2744.1, 593985, 0.0],
		
["20240618", 2765.7, 2772.35, 2759.03, 2763.92, 561975, 0.0],
		
["20240619", 2786.16, 2799.32, 2786.16, 2797.33, 646706, 0.0],
		
["20240620", 2802.1, 2812.62, 2796.37, 2807.63, 758166, 0.0],
		
["20240621", 2794.87, 2797.0, 2777.33, 2784.26, 631143, 0.0],
		
["20240624", 2772.85, 2782.9, 2758.09, 2764.73, 594166, 0.0],
		
["20240625", 2765.76, 2780.42, 2765.76, 2774.39, 714242, 0.0],
		
["20240626", 2767.43, 2792.07, 2762.98, 2792.05, 535034, 0.0],
		
["20240627", 2767.62, 2784.33, 2761.55, 2784.06, 397169, 0.0],
		
["20240628", 2792.79, 2797.82, 2782.4, 2797.82, 610550, 0.0],
		
["20240701", 2792.96, 2805.95, 2783.98, 2804.31, 459218, 0.0],
		
["20240702", 2798.65, 2805.42, 2776.62, 2780.86, 538842, 0.0],
		
["20240703", 2797.14, 2799.7, 2774.71, 2794.01, 340338, 0.0],
		
["20240704", 2817.06, 2824.94, 2808.88, 2824.94, 393739, 0.0],
		
["20240705", 2836.21, 2871.96, 2836.21, 2862.23, 378159, 0.0],
		
["20240708", 2862.58, 2868.99, 2855.53, 2857.76, 425056, 0.0],
		
["20240709", 2872.63, 2875.37, 2854.13, 2867.38, 456429, 0.0],
		
["20240710", 2863.05, 2871.56, 2858.87, 2867.99, 472473, 0.0],
		
["20240711", 2888.76, 2896.43, 2879.28, 2891.35, 462217, 0.0],
		
["20240712", 2867.75, 2872.25, 2844.88, 2857.0, 408178, 0.0],
		
["20240715", 2869.15, 2872.9, 2848.93, 2860.92, 424458, 0.0],
		
["20240716", 2861.71, 2872.21, 2857.07, 2866.09, 677905, 0.0],
		
["20240717", 2865.9, 2868.58, 2841.33, 2843.29, 549094, 0.0],
		
["20240718", 2805.64, 2824.35, 2799.02, 2824.35, 658375, 0.0],
		
["20240719", 2800.21, 2802.68, 2776.99, 2795.46, 426208, 0.0],
		
["20240722", 2790.99, 2795.12, 2752.63, 2763.51, 463878, 0.0],
		
["20240723", 2788.83, 2796.92, 2765.81, 2774.29, 423403, 0.0],
		
["20240724", 2755.5, 2778.31, 2748.65, 2758.71, 469221, 0.0],
		
["20240725", 2721.29, 2725.15, 2703.86, 2710.65, 440318, 0.0],
		
["20240726", 2724.99, 2738.4, 2715.75, 2731.9, 516468, 0.0],
		
["20240729", 2748.32, 2776.86, 2742.69, 2765.53, 456516, 0.0],
		
["20240730", 2744.4, 2754.53, 2732.82, 2738.19, 392868, 0.0],
		
["20240731", 2745.58, 2770.7, 2733.63, 2770.69, 557090, 0.0],
		
["20240801", 2787.27, 2794.11, 2772.97, 2777.68, 480834, 0.0],
		
["20240802", 2719.39, 2725.05, 2666.4, 2676.19, 531785, 0.0],
		
["20240805", 2611.3, 2611.3, 2386.96, 2441.55, 763778, 0.0],
		
["20240806", 2533.34, 2578.77, 2491.47, 2522.15, 567266, 0.0],
		
["20240807", 2515.27, 2594.83, 2510.82, 2568.41, 476991, 0.0],
		
["20240808", 2530.21, 2570.34, 2518.52, 2556.73, 495299, 0.0],
		
["20240809", 2603.08, 2603.08, 2575.9, 2588.43, 475012, 0.0],
		
["20240812", 2602.16, 2622.86, 2602.01, 2618.3, 293084, 0.0],
		
["20240813", 2624.5, 2636.12, 2607.52, 2621.5, 378532, 0.0],
		
["20240814", 2649.11, 2653.71, 2632.44, 2644.5, 328748, 0.0],
		
["20240816", 2695.49, 2699.61, 2680.74, 2697.23, 385852, 0.0],
		
["20240819", 2697.97, 2699.84, 2664.28, 2674.36, 395637, 0.0],
		
["20240820", 2699.74, 2706.05, 2686.06, 2696.63, 484188, 0.0],
		
["20240821", 2687.2, 2704.98, 2684.61, 2701.13, 417330, 0.0],
		
["20240822", 2710.95, 2711.38, 2690.35, 2707.67, 441756, 0.0],
		
["20240823", 2690.8, 2712.84, 2689.54, 2701.69, 330592, 0.0],
		
["20240826", 2716.88, 2718.47, 2688.79, 2698.01, 333688, 0.0],
		
["20240827", 2696.24, 2700.18, 2681.92, 2689.25, 264057, 0.0],
		
["20240828", 2690.59, 2695.51, 2671.59, 2689.83, 280774, 0.0],
		
["20240829", 2657.18, 2672.9, 2649.56, 2662.28, 288836, 0.0],
		
["20240830", 2676.72, 2686.51, 2668.66, 2674.31, 278845, 0.0],
		
["20240902", 2683.8, 2686.98, 2658.31, 2681.0, 266993, 0.0],
		
["20240903", 2683.12, 2695.59, 2664.63, 2664.63, 303460, 0.0],
		
["20240904", 2589.94, 2608.13, 2578.07, 2580.8, 455469, 0.0],
		
["20240905", 2598.36, 2615.8, 2560.65, 2575.5, 379003, 0.0],
		
["20240906", 2576.66, 2576.94, 2529.31, 2544.28, 374782, 0.0],
		
["20240909", 2498.67, 2543.22, 2491.3, 2535.93, 270231, 0.0],
		
["20240910", 2542.69, 2544.83, 2522.48, 2523.43, 347650, 0.0],
		
["20240911", 2524.86, 2526.13, 2493.37, 2513.37, 302561, 0.0],
		
["20240912", 2547.5, 2572.09, 2537.87, 2572.09, 340479, 0.0],
		
["20240913", 2571.81, 2584.11, 2562.91, 2575.41, 358263, 0.0],
		
["20240919", 2594.67, 2598.68, 2550.09, 2580.8, 385081, 0.0],
		
["20240920", 2603.83, 2619.55, 2591.4, 2593.37, 495964, 0.0],
		
["20240923", 2596.47, 2603.57, 2588.49, 2602.01, 339140, 0.0],
		
["20240924", 2612.45, 2631.68, 2597.81, 2631.68, 355097, 0.0],
		
["20240925", 2652.71, 2663.36, 2596.32, 2596.32, 454472, 0.0],
		
["20240926", 2630.91, 2671.57, 2630.3, 2671.57, 324889, 0.0],
		
["20240927", 2674.58, 2681.45, 2649.78, 2649.78, 413004, 0.0],
		
["20240930", 2665.24, 2668.66, 2593.27, 2593.27, 358916, 0.0],
		
["20241002", 2566.55, 2591.61, 2555.46, 2561.69, 351004, 0.0],
		
["20241004", 2563.7, 2585.59, 2555.57, 2569.71, 414329, 0.0],
		
["20241007", 2579.2, 2611.93, 2561.46, 2610.38, 343671, 0.0],
		
["20241008", 2592.65, 2601.96, 2581.79, 2594.36, 318240, 0.0],
		
["20241010", 2611.65, 2613.61, 2596.86, 2599.16, 618560, 0.0],
		
["20241011", 2612.02, 2621.93, 2594.43, 2596.91, 491276, 0.0],
		
["20241014", 2602.63, 2628.54, 2602.63, 2623.29, 401706, 0.0],
		
["20241015", 2632.37, 2635.32, 2615.47, 2633.45, 438293, 0.0],
		
["20241016", 2606.7, 2622.33, 2601.35, 2610.36, 437553, 0.0],
		
["20241017", 2620.74, 2622.71, 2603.52, 2609.3, 331265, 0.0],
		
["20241018", 2616.04, 2618.32, 2587.96, 2593.82, 265201, 0.0],
		
["20241021", 2600.77, 2618.71, 2594.05, 2604.92, 240675, 0.0],
		
["20241022", 2600.87, 2604.16, 2564.46, 2570.7, 343318, 0.0],
		
["20241023", 2575.25, 2607.79, 2567.42, 2599.62, 352421, 0.0],
		
["20241024", 2591.69, 2600.26, 2578.8, 2581.03, 343098, 0.0],
		
["20241025", 2597.44, 2611.27, 2577.0, 2583.27, 462898, 0.0],
		
["20241028", 2588.45, 2612.96, 2587.2, 2612.43, 333736, 0.0],
		
["20241029", 2606.94, 2617.8, 2595.86, 2617.8, 363290, 0.0],
		
["20241030", 2606.99, 2613.47, 2586.88, 2593.79, 487359, 0.0],
		
["20241031", 2575.24, 2579.65, 2552.36, 2556.15, 406613, 0.0],
		
["20241101", 2542.96, 2559.3, 2536.84, 2542.36, 319849, 0.0],
		
["20241104", 2549.04, 2588.97, 2542.68, 2588.97, 373943, 0.0],
		
["20241105", 2570.24, 2586.73, 2564.66, 2576.88, 310875, 0.0],
		
["20241106", 2591.9, 2592.75, 2544.04, 2563.51, 548506, 0.0],
		
["20241107", 2557.23, 2579.81, 2540.48, 2564.63, 465146, 0.0],
		
["20241108", 2586.7, 2593.15, 2553.42, 2561.15, 448734, 0.0],
		
["20241111", 2562.05, 2562.05, 2525.56, 2531.66, 572197, 0.0],
		
["20241112", 2527.94, 2532.44, 2481.53, 2482.57, 735813, 0.0],
		
["20241113", 2468.27, 2478.87, 2415.77, 2417.08, 619176, 0.0],
		
["20241114", 2430.26, 2441.43, 2410.93, 2418.86, 639990, 0.0],
		
["20241115", 2413.05, 2433.18, 2390.56, 2416.86, 623327, 0.0],
		
["20241118", 2440.31, 2480.01, 2437.53, 2469.07, 443926, 0.0],
		
["20241119", 2469.13, 2479.39, 2465.15, 2471.95, 410856, 0.0],
		
["20241120", 2475.76, 2489.15, 2471.79, 2482.29, 408790, 0.0],
		
["20241121", 2474.62, 2496.97, 2474.62, 2480.63, 451119, 0.0],
		
["20241122", 2493.42, 2511.23, 2492.21, 2501.24, 543518, 0.0],
		
["20241125", 2524.11, 2541.76, 2517.98, 2534.34, 564692, 0.0],
		
["20241126", 2521.39, 2526.62, 2512.21, 2520.36, 441709, 0.0],
		
["20241127", 2518.82, 2526.32, 2498.32, 2503.06, 414339, 0.0],
		
["20241128", 2499.69, 2513.63, 2495.64, 2504.67, 342571, 0.0],
		
["20241129", 2496.93, 2496.93, 2446.96, 2455.91, 384278, 0.0],
		
["20241202", 2479.02, 2483.29, 2448.45, 2454.48, 328110, 0.0],
		
["20241203", 2472.06, 2500.67, 2471.55, 2500.1, 324138, 0.0],
		
["20241204", 2450.76, 2483.04, 2442.46, 2464.0, 670284, 0.0],
		
["20241205", 2471.45, 2471.45, 2434.78, 2441.85, 519352, 0.0],
		
["20241206", 2451.6, 2459.24, 2397.73, 2428.16, 630409, 0.0],
		
["20241209", 2392.37, 2399.52, 2360.18, 2360.58, 591644, 0.0],
		
["20241210", 2384.51, 2419.06, 2384.51, 2417.84, 598770, 0.0],
		
["20241211", 2412.15, 2443.34, 2411.38, 2442.51, 617716, 0.0],
		
["20241212", 2456.63, 2487.95, 2448.76, 2482.12, 664187, 0.0],
		
["20241213", 2473.75, 2500.32, 2470.24, 2494.46, 577737, 0.0],
		
["20241216", 2511.08, 2515.62, 2483.43, 2488.97, 526708, 0.0],
		
["20241217", 2487.31, 2487.31, 2455.05, 2456.81, 559040, 0.0],
		
["20241218", 2463.06, 2492.0, 2462.82, 2484.43, 441678, 0.0],
		
["20241219", 2426.55, 2450.05, 2423.59, 2435.93, 504467, 0.0],
		
["20241220", 2429.63, 2430.69, 2389.86, 2404.15, 617782, 0.0],
		
["20241223", 2423.36, 2446.97, 2413.62, 2442.01, 428167, 0.0],
		
["20241224", 2450.55, 2452.85, 2432.42, 2440.52, 386778, 0.0],
		
["20241226", 2449.52, 2449.52, 2428.82, 2429.67, 322800, 0.0],
		
["20241227", 2419.46, 2423.86, 2388.33, 2404.77, 311291, 0.0],
		
["20241230", 2397.49, 2429.75, 2390.44, 2399.49, 303964, 0.0],
		
["20250102", 2400.87, 2410.99, 2386.84, 2398.94, 350692, 0.0],
		
["20250103", 2402.58, 2454.67, 2402.58, 2441.92, 407536, 0.0],
		
["20250106", 2453.3, 2489.1, 2446.82, 2488.64, 302761, 0.0],
		
["20250107", 2513.49, 2521.86, 2492.09, 2492.1, 407693, 0.0],
		
["20250108", 2481.25, 2526.77, 2481.25, 2521.05, 362909, 0.0],
		
["20250109", 2526.1, 2535.87, 2515.82, 2521.9, 404290, 0.0],
		
["20250110", 2528.42, 2535.24, 2506.29, 2515.78, 377587, 0.0],
		
["20250113", 2508.15, 2513.93, 2483.73, 2489.56, 578565, 0.0],
		
["20250114", 2501.49, 2504.89, 2482.74, 2497.4, 414488, 0.0],
		
["20250115", 2511.07, 2524.36, 2493.1, 2496.81, 538534, 0.0],
		
["20250116", 2528.27, 2534.01, 2519.86, 2527.49, 451063, 0.0],
		
["20250117", 2520.85, 2528.48, 2513.84, 2523.55, 445885, 0.0],
		
["20250120", 2533.68, 2536.72, 2516.28, 2520.05, 437546, 0.0],
		
["20250121", 2533.23, 2548.44, 2507.95, 2518.03, 572011, 0.0],
		
["20250122", 2535.8, 2552.57, 2526.89, 2547.06, 583737, 0.0],
		
["20250123", 2541.24, 2541.6, 2515.49, 2515.49, 609742, 0.0],
		
["20250124", 2529.29, 2542.83, 2522.64, 2536.8, 602015, 0.0],
		
["20250131", 2534.33, 2537.98, 2496.95, 2517.37, 454403, 0.0],
		
["20250203", 2468.74, 2468.74, 2437.61, 2453.95, 522848, 0.0],
		
["20250204", 2481.44, 2508.35, 2471.63, 2481.69, 479377, 0.0],
		
["20250205", 2503.94, 2514.71, 2498.74, 2509.27, 437344, 0.0],
		
["20250206", 2521.82, 2536.75, 2515.34, 2536.75, 479697, 0.0],
		
["20250207", 2532.09, 2537.63, 2519.01, 2521.92, 419872, 0.0],
		
["20250210", 2510.64, 2527.33, 2499.18, 2521.27, 393564, 0.0],
		
["20250211", 2532.87, 2549.44, 2527.74, 2539.05, 451093, 0.0],
		
["20250212", 2534.71, 2549.58, 2528.74, 2548.39, 464894, 0.0],
		
["20250213", 2558.95, 2583.74, 2555.98, 2583.17, 680342, 0.0],
		
["20250214", 2588.2, 2600.57, 2582.84, 2591.05, 499365, 0.0],
		
["20250217", 2595.99, 2612.8, 2592.57, 2610.42, 366340, 0.0],
		
["20250218", 2613.25, 2628.47, 2605.15, 2626.81, 421993, 0.0],
		
["20250219", 2633.91, 2680.7, 2633.91, 2671.52, 525799, 0.0],
		
["20250220", 2661.72, 2667.59, 2645.53, 2654.06, 529303, 0.0],
		
["20250221", 2653.76, 2656.04, 2638.44, 2654.58, 444704, 0.0],
		
["20250224", 2636.12, 2645.27, 2626.88, 2645.27, 536354, 0.0],
		
["20250225", 2617.64, 2641.49, 2617.12, 2630.29, 410285, 0.0],
		
["20250226", 2629.86, 2648.06, 2620.16, 2641.09, 386763, 0.0],
		
["20250227", 2637.63, 2638.47, 2610.47, 2621.75, 513910, 0.0],
		
["20250228", 2585.61, 2586.78, 2531.24, 2532.78, 588572, 0.0],
		
["20250304", 2522.2, 2548.78, 2513.31, 2528.92, 484081, 0.0],
		
["20250305", 2548.45, 2561.47, 2535.18, 2558.13, 569412, 0.0],
		
["20250306", 2573.55, 2583.65, 2565.57, 2576.16, 609616, 0.0],
		
["20250307", 2553.44, 2575.48, 2541.49, 2563.48, 567191, 0.0],
		
["20250310", 2555.4, 2579.76, 2549.99, 2570.39, 435695, 0.0],
		
["20250311", 2516.69, 2547.88, 2505.91, 2537.6, 399016, 0.0],
		
["20250312", 2552.6, 2579.69, 2541.66, 2574.82, 401645, 0.0],
		
["20250313", 2598.06, 2600.07, 2561.02, 2573.64, 427292, 0.0],
		
["20250314", 2565.18, 2576.74, 2559.24, 2566.36, 362329, 0.0],
		
["20250317", 2588.32, 2610.69, 2587.52, 2610.69, 396574, 0.0],
		
["20250318", 2627.27, 2638.56, 2606.91, 2612.34, 555527, 0.0],
		
["20250319", 2613.48, 2642.83, 2613.48, 2628.62, 653327, 0.0],
		
["20250320", 2648.16, 2650.72, 2629.2, 2637.1, 455019, 0.0],
		
["20250321", 2633.9, 2645.82, 2617.78, 2643.13, 497529, 0.0],
		
["20250324", 2636.43, 2648.82, 2629.38, 2632.07, 372432, 0.0],
		
["20250325", 2653.04, 2654.63, 2612.74, 2615.81, 439279, 0.0],
		
["20250326", 2628.09, 2649.15, 2618.05, 2643.94, 507916, 0.0],
		
["20250327", 2620.28, 2633.03, 2603.41, 2607.15, 403314, 0.0],
		
["20250328", 2592.63, 2592.63, 2549.26, 2557.98, 513561, 0.0],
		
["20250331", 2513.44, 2514.22, 2479.46, 2481.12, 391593, 0.0],
		
["20250401", 2511.24, 2530.61, 2494.43, 2521.39, 453394, 0.0],
		
["20250402", 2525.62, 2532.15, 2499.83, 2505.86, 515600, 0.0],
		
["20250403", 2437.43, 2488.92, 2437.43, 2486.7, 480057, 0.0],
		
["20250404", 2450.49, 2506.71, 2438.02, 2465.42, 695075, 0.0],
		
["20250407", 2359.25, 2369.4, 2327.01, 2328.2, 619501, 0.0],
		
["20250408", 2381.2, 2381.31, 2328.94, 2334.23, 557018, 0.0],
		
["20250409", 2329.99, 2337.58, 2284.72, 2293.7, 699642, 0.0],
		
["20250410", 2395.13, 2445.06, 2391.39, 2445.06, 670388, 0.0],
		
["20250411", 2400.74, 2433.18, 2394.25, 2432.72, 369703, 0.0],
		
["20250414", 2454.28, 2465.56, 2449.48, 2455.89, 488618, 0.0],
		
["20250415", 2464.51, 2482.56, 2461.23, 2477.41, 560340, 0.0],
		
["20250416", 2472.78, 2475.83, 2442.72, 2447.43, 613174, 0.0],
		
["20250417", 2451.7, 2473.24, 2447.4, 2470.41, 601739, 0.0],
		
["20250418", 2473.3, 2486.37, 2466.9, 2483.42, 450985, 0.0],
		
["20250421", 2486.38, 2498.84, 2479.23, 2488.42, 428977, 0.0],
		
["20250422", 2481.18, 2494.59, 2476.14, 2486.64, 416680, 0.0],
		
["20250423", 2520.56, 2526.72, 2507.1, 2525.56, 538116, 0.0],
		
["20250424", 2525.34, 2530.61, 2507.21, 2522.33, 327935, 0.0],
		
["20250425", 2544.59, 2553.33, 2534.94, 2546.3, 403528, 0.0],
		
["20250428", 2551.23, 2558.69, 2541.97, 2548.86, 454102, 0.0],
		
["20250429", 2550.25, 2571.41, 2542.25, 2565.42, 547081, 0.0],
		
["20250430", 2561.04, 2570.83, 2544.46, 2556.61, 487489, 0.0],
		
["20250502", 2556.52, 2567.04, 2540.57, 2559.79, 585492, 0.0],
		
["20250507", 2577.04, 2581.85, 2559.17, 2573.8, 546755, 0.0],
		
["20250508", 2581.27, 2590.9, 2575.78, 2579.48, 471636, 0.0],
		
["20250509", 2587.93, 2589.58, 2571.2, 2577.27, 485550, 0.0],
		
["20250512", 2593.94, 2607.33, 2585.6, 2607.33, 409749, 0.0],
		
["20250513", 2601.76, 2620.64, 2601.58, 2608.42, 422460, 0.0],
		
["20250514", 2625.36, 2646.01, 2619.15, 2640.57, 390504, 0.0],
		
["20250515", 2634.5, 2643.83, 2618.08, 2621.36, 339579, 0.0],
		
["20250516", 2630.64, 2633.98, 2619.1, 2626.87, 359707, 0.0],
		
["20250519", 2613.7, 2619.43, 2593.44, 2603.42, 313296, 0.0],
		
["20250520", 2622.68, 2622.91, 2598.1, 2601.8, 456989, 0.0],
		
["20250521", 2615.9, 2633.41, 2614.73, 2625.58, 371527, 0.0],
		
["20250522", 2614.66, 2616.53, 2588.09, 2593.67, 358064, 0.0],
		
["20250523", 2603.57, 2604.14, 2589.51, 2592.09, 434024, 0.0],
		
["20250526", 2598.45, 2644.4, 2595.96, 2644.4, 380173, 0.0],
		
["20250527", 2630.29, 2642.63, 2625.66, 2637.22, 318286, 0.0],
		
["20250528", 2648.86, 2692.47, 2643.5, 2670.15, 405474, 0.0],
		
["20250529", 2691.06, 2720.64, 2686.64, 2720.64, 448341, 0.0],
		
["20250530", 2713.24, 2717.54, 2689.87, 2697.67, 525661, 0.0],
		
["20250602", 2692.91, 2719.87, 2685.14, 2698.97, 323604, 0.0],
		
["20250604", 2737.92, 2771.03, 2734.02, 2770.84, 489937, 0.0],
		
["20250605", 2790.33, 2831.11, 2787.76, 2812.05, 556013, 0.0],
		
["20250609", 2841.56, 2867.27, 2841.39, 2855.77, 537617, 0.0],
		
["20250610", 2872.62, 2885.67, 2849.67, 2871.85, 508185, 0.0],
		
["20250611", 2887.32, 2908.16, 2879.92, 2907.04, 393930, 0.0],
		
["20250612", 2909.99, 2934.31, 2909.99, 2920.03, 713706, 0.0],
		
["20250613", 2930.57, 2932.38, 2877.07, 2894.62, 931658, 0.0],
		
["20250616", 2903.5, 2947.07, 2886.13, 2946.66, 726352, 0.0],
		
["20250617", 2959.93, 2998.62, 2925.79, 2950.3, 939594, 0.0],
		
["20250618", 2933.63, 2979.32, 2933.63, 2972.19, 576548, 0.0],
		
["20250619", 2989.56, 2996.04, 2954.47, 2977.74, 433311, 0.0],
		
["20250620", 2986.52, 3022.06, 2972.37, 3021.84, 484865, 0.0],
		
["20250623", 2992.2, 3019.81, 2971.36, 3014.47, 625651, 0.0],
		
["20250624", 3061.14, 3105.04, 3061.14, 3103.64, 579201, 0.0],
		
["20250625", 3127.79, 3129.09, 3084.86, 3108.25, 644761, 0.0],
		
["20250626", 3108.34, 3113.03, 3036.55, 3079.56, 460612, 0.0],
		
["20250627", 3077.87, 3093.56, 3041.85, 3055.94, 381634, 0.0],
		
["20250630", 3072.75, 3086.0, 3063.42, 3071.7, 464163, 0.0],
		
["20250701", 3089.64, 3133.52, 3088.45, 3089.65, 576017, 0.0],
		
["20250702", 3083.82, 3090.61, 3032.47, 3075.06, 696798, 0.0],
		
["20250703", 3100.33, 3116.27, 3085.98, 3116.27, 539120, 0.0],
		
["20250704", 3122.28, 3123.84, 3052.91, 3054.28, 520763, 0.0],
		
["20250707", 3044.78, 3068.43, 3032.99, 3059.47, 359405, 0.0],
		
["20250708", 3071.74, 3115.86, 3066.03, 3114.95, 745793, 0.0],
		
["20250709", 3123.22, 3137.17, 3111.02, 3133.74, 642961, 0.0],
		
["20250710", 3144.14, 3183.23, 3133.81, 3183.23, 596572, 0.0],
		
["20250711", 3186.35, 3216.69, 3170.46, 3175.77, 465292, 0.0],
		
["20250714", 3175.59, 3202.06, 3170.72, 3202.03, 444036, 0.0],
		
["20250715", 3194.82, 3216.01, 3183.83, 3215.28, 419652, 0.0],
		
["20250716", 3207.48, 3209.2, 3178.42, 3186.38, 531499, 0.0],
		
["20250717", 3201.42, 3201.42, 3152.42, 3192.29, 424788, 0.0],
		
["20250718", 3200.44, 3204.75, 3169.69, 3188.07, 393449, 0.0],
		
["20250721", 3191.11, 3211.14, 3188.87, 3210.81, 343911, 0.0],
		
["20250722", 3210.12, 3220.27, 3155.25, 3169.94, 378486, 0.0],
		
["20250723", 3189.65, 3199.86, 3141.93, 3183.77, 664826, 0.0],
		
["20250724", 3209.43, 3237.97, 3183.05, 3190.45, 425500, 0.0],
		
["20250725", 3184.37, 3205.82, 3184.37, 3196.05, 389291, 0.0],
		
["20250728", 3228.61, 3228.61, 3180.18, 3209.52, 502720, 0.0],
		
["20250729", 3192.17, 3232.31, 3169.03, 3230.57, 373203, 0.0],
		
["20250730", 3233.31, 3269.4, 3227.28, 3254.47, 338074, 0.0],
		
["20250731", 3275.78, 3288.26, 3227.46, 3245.44, 540324, 0.0],
		
["20250801", 3210.32, 3210.32, 3117.92, 3119.41, 507776, 0.0],
		
["20250804", 3114.27, 3157.45, 3105.63, 3147.75, 293454, 0.0],
		
["20250805", 3187.15, 3212.31, 3174.23, 3198.0, 273440, 0.0],
		
["20250806", 3182.06, 3200.15, 3176.61, 3198.14, 327358, 0.0],
		
["20250807", 3214.81, 3227.68, 3200.28, 3227.68, 327048, 0.0],
		
["20250808", 3220.58, 3227.28, 3198.31, 3210.01, 341443, 0.0],
		
["20250811", 3220.72, 3223.23, 3199.9, 3206.77, 304968, 0.0],
		
["20250812", 3209.75, 3242.17, 3189.58, 3189.91, 373217, 0.0],
		
["20250813", 3225.4, 3226.37, 3192.17, 3224.37, 320070, 0.0],
		
["20250814", 3226.52, 3239.55, 3210.83, 3225.66, 441468, 0.0],
		
["20250818", 3202.63, 3206.77, 3177.28, 3177.28, 326133, 0.0],
		
["20250819", 3185.04, 3185.48, 3142.48, 3151.56, 285291, 0.0],
		
["20250820", 3121.52, 3132.83, 3079.27, 3130.09, 335285, 0.0],
		
["20250821", 3140.71, 3166.54, 3134.86, 3141.74, 276915, 0.0],
		
["20250822", 3165.41, 3181.95, 3159.45, 3168.73, 236797, 0.0],
		
["20250825", 3195.14, 3209.86, 3180.12, 3209.86, 220165, 0.0],
		
["20250826", 3199.92, 3199.92, 3175.31, 3179.36, 325353, 0.0],
		
["20250827", 3185.87, 3189.31, 3165.77, 3187.16, 281721, 0.0],
		
["20250828", 3175.33, 3211.34, 3164.08, 3196.32, 312188, 0.0],
		
["20250829", 3208.8, 3212.69, 3184.48, 3186.01, 245132, 0.0],
		
["20250901", 3164.58, 3177.4, 3135.02, 3142.93, 260138, 0.0],
		
["20250902", 3155.73, 3174.16, 3151.93, 3172.35, 310678, 0.0],
		
["20250903", 3177.75, 3187.48, 3167.23, 3184.42, 335816, 0.0],
		
["20250904", 3188.84, 3205.61, 3185.49, 3200.83, 286256, 0.0],
		
["20250905", 3208.83, 3214.64, 3196.19, 3205.12, 323845, 0.0],
		
["20250908", 3209.81, 3221.14, 3206.34, 3219.59, 372300, 0.0],
		
["20250909", 3231.31, 3260.05, 3221.98, 3260.05, 439946, 0.0],
		
["20250910", 3272.2, 3317.77, 3272.07, 3314.53, 564707, 0.0],
		
["20250911", 3336.6, 3344.7, 3311.86, 3344.2, 435589, 0.0],
		
["20250912", 3374.65, 3395.54, 3362.86, 3395.54, 448857, 0.0],
		
["20250915", 3407.78, 3420.23, 3391.33, 3407.31, 378854, 0.0],
		
["20250916", 3421.13, 3452.5, 3418.1, 3449.62, 406214, 0.0],
		
["20250917", 3433.83, 3433.83, 3406.75, 3413.4, 326610, 0.0],
		
["20250918", 3432.77, 3461.3, 3422.77, 3461.3, 391177, 0.0],
		
["20250919", 3461.23, 3467.89, 3434.61, 3445.24, 348845, 0.0],
		
["20250922", 3463.84, 3482.25, 3458.87, 3468.65, 287867, 0.0],
		
["20250923", 3489.46, 3494.49, 3467.83, 3486.19, 358335, 0.0],
		
["20250924", 3492.03, 3497.95, 3442.41, 3472.14, 287145, 0.0],
		
["20250925", 3458.98, 3479.42, 3454.08, 3471.11, 293075, 0.0],
		
["20250926", 3440.39, 3441.91, 3365.73, 3386.05, 399150, 0.0],
		
["20250929", 3414.43, 3439.12, 3413.33, 3431.21, 416480, 0.0],
		
["20250930", 3436.0, 3443.38, 3421.89, 3424.6, 526402, 0.0],
		
["20251001", 3444.06, 3459.74, 3440.42, 3455.83, 493641, 0.0],
		
["20251002", 3525.48, 3565.96, 3512.16, 3549.21, 402107, 0.0],
		
["20251010", 3598.11, 3617.86, 3569.44, 3610.6, 407411, 0.0],
		
["20251013", 3550.08, 3584.55, 3522.54, 3584.55, 408033, 0.0],
		
["20251014", 3604.12, 3646.77, 3535.52, 3561.81, 734085, 0.0],
		
["20251015", 3580.64, 3659.91, 3577.06, 3657.28, 543607, 0.0],
		
["20251016", 3675.82, 3748.37, 3675.82, 3748.37, 495791, 0.0],
		
["20251017", 3732.76, 3794.87, 3722.07, 3748.89, 420770, 0.0],
		
["20251020", 3775.4, 3814.69, 3728.38, 3814.69, 410147, 0.0],
		
["20251021", 3851.01, 3893.06, 3816.19, 3823.84, 526854, 0.0],
		
["20251022", 3827.23, 3883.68, 3794.52, 3883.68, 597216, 0.0],
		
["20251023", 3835.79, 3902.21, 3822.33, 3845.56, 423588, 0.0],
		
["20251024", 3893.23, 3951.07, 3886.64, 3941.59, 426897, 0.0],
		
["20251027", 3999.79, 4042.83, 3999.79, 4042.83, 516999, 0.0],
		
["20251028", 4010.47, 4018.22, 3972.56, 4010.41, 408225, 0.0],
		
["20251029", 4061.54, 4084.09, 4014.84, 4081.15, 466898, 0.0],
		
["20251030", 4105.95, 4146.72, 4070.79, 4086.89, 566538, 0.0],
		
["20251031", 4083.25, 4122.09, 4059.74, 4107.5, 408275, 0.0],
		
["20251103", 4123.36, 4221.92, 4123.36, 4221.87, 472676, 0.0],
		
["20251104", 4219.24, 4226.75, 4117.91, 4121.74, 423543, 0.0],
		
["20251105", 4055.47, 4055.47, 3867.81, 4004.42, 594163, 0.0],
		
["20251106", 4092.46, 4111.96, 3985.29, 4026.45, 423421, 0.0],
		
["20251107", 3963.72, 4037.61, 3887.32, 3953.76, 377050, 0.0],
		
["20251110", 3991.87, 4092.91, 3984.24, 4073.24, 339514, 0.0],
		
["20251111", 4124.3, 4187.46, 4066.58, 4106.39, 377554, 0.0],
		
["20251112", 4097.44, 4154.62, 4088.86, 4150.39, 334584, 0.0],
		
["20251113", 4127.57, 4188.54, 4123.84, 4170.63, 424189, 0.0],
		
["20251114", 4061.91, 4092.76, 4011.4, 4011.57, 399992, 0.0],
		
["20251117", 4078.57, 4089.88, 4045.4, 4089.25, 344097, 0.0],
		
["20251118", 4044.47, 4072.41, 3953.26, 3953.62, 319660, 0.0],
		
["20251119", 3966.64, 3966.64, 3854.95, 3929.51, 338242, 0.0],
		
["20251120", 4030.97, 4059.37, 4001.31, 4004.85, 360282, 0.0],
		
["20251121", 3908.7, 3911.55, 3838.46, 3853.26, 319324, 0.0],
		
["20251124", 3915.16, 3917.16, 3838.2, 3846.06, 373120, 0.0],
		
["20251125", 3942.36, 3946.61, 3833.35, 3857.78, 279294, 0.0],
		
["20251126", 3891.88, 3960.87, 3866.66, 3960.87, 295327, 0.0],
		
["20251127", 3989.45, 4023.42, 3968.43, 3986.91, 257855, 0.0],
		
["20251128", 3995.3, 3995.3, 3921.89, 3926.59, 241923, 0.0],
		
["20251201", 3967.92, 3977.31, 3892.08, 3920.37, 296915, 0.0],
		
["20251202", 3939.09, 3994.93, 3935.14, 3994.93, 319035, 0.0],
		
["20251203", 4010.26, 4052.83, 3987.76, 4036.3, 290896, 0.0],
		
["20251204", 4018.91, 4028.53, 3982.54, 4028.51, 352043, 0.0],
		
["20251205", 4023.5, 4100.05, 4003.29, 4100.05, 478513, 0.0],
		
["20251208", 4109.25, 4154.85, 4081.26, 4154.85, 395583, 0.0],
		
["20251209", 4129.77, 4152.18, 4121.21, 4143.55, 400643, 0.0],
		
["20251210", 4159.05, 4172.64, 4123.6, 4135.0, 317902, 0.0],
		
["20251211", 4163.32, 4170.77, 4103.2, 4110.62, 539843, 0.0],
		
["20251212", 4123.83, 4168.17, 4120.73, 4167.16, 426616, 0.0],
		
["20251215", 4053.74, 4123.19, 4052.65, 4090.59, 346845, 0.0],
		
["20251216", 4093.32, 4099.01, 3996.23, 3999.13, 373990, 0.0],
		
["20251217", 4019.43, 4060.24, 3994.65, 4056.41, 360956, 0.0],
		
["20251218", 3989.6, 4030.65, 3975.5, 3994.51, 581445, 0.0],
		
["20251219", 4055.78, 4055.78, 3997.05, 4020.55, 442664, 0.0],
		
["20251222", 4096.26, 4105.93, 4083.13, 4105.93, 315627, 0.0],
		
["20251223", 4127.4, 4140.84, 4110.25, 4117.32, 385848, 0.0],
		
["20251224", 4136.24, 4137.2, 4106.62, 4108.62, 363614, 0.0],
		
["20251226", 4130.37, 4143.14, 4116.53, 4129.68, 510162, 0.0],
		
["20251229", 4146.48, 4220.56, 4146.48, 4220.56, 502394, 0.0],
		
["20251230", 4193.75, 4226.36, 4186.95, 4214.17, 408198, 0.0],
		
["20260102", 4224.53, 4313.55, 4216.68, 4309.63, 406339, 0.0],
		
["20260105", 4385.92, 4457.52, 4381.93, 4457.52, 513870, 0.0],
		
["20260106", 4446.08, 4525.48, 4395.0, 4525.48, 498391, 0.0],
		
["20260107", 4566.34, 4611.72, 4488.2, 4551.06, 553654, 0.0],
		
["20260108", 4531.46, 4622.32, 4527.5, 4552.37, 440086, 0.0],
		
["20260109", 4530.03, 4590.03, 4500.48, 4586.32, 399220, 0.0],
		
["20260112", 4639.89, 4652.54, 4567.55, 4624.79, 394753, 0.0],
		
["20260113", 4662.44, 4693.07, 4641.58, 4692.64, 429151, 0.0],
		
["20260114", 4685.11, 4723.1, 4669.32, 4723.1, 550416, 0.0],
		
["20260115", 4710.28, 4797.55, 4705.44, 4797.55, 545175, 0.0],
		
["20260116", 4820.66, 4855.61, 4797.75, 4840.74, 720906, 0.0],
		
["20260119", 4829.4, 4917.37, 4827.95, 4904.66, 570841, 0.0],
		
["20260120", 4900.28, 4935.48, 4823.88, 4885.75, 667709, 0.0],
		
["20260121", 4808.94, 4910.54, 4807.13, 4909.93, 600101, 0.0],
		
["20260122", 4987.06, 5019.54, 4934.17, 4952.53, 568624, 0.0],
		
["20260123", 4984.08, 5021.13, 4926.22, 4990.07, 612602, 0.0],
		
["20260126", 4997.54, 5023.76, 4940.78, 4949.59, 446903, 0.0],
		
["20260127", 4932.89, 5084.85, 4890.72, 5084.85, 476156, 0.0],
		
["20260128", 5145.39, 5183.44, 5124.8, 5170.81, 593109, 0.0],
		
["20260129", 5243.42, 5252.61, 5073.12, 5221.25, 699659, 0.0],
		
["20260130", 5210.35, 5321.68, 5199.78, 5224.36, 862541, 0.0],
		
["20260202", 5122.62, 5196.71, 4933.58, 4949.67, 572544, 0.0],
		
["20260203", 5114.81, 5288.08, 5101.31, 5288.08, 672610, 0.0],
		
["20260204", 5260.71, 5376.92, 5243.11, 5371.1, 789920, 0.0],
		
["20260205", 5251.03, 5304.4, 5142.2, 5163.57, 911910, 0.0],
		
["20260206", 5013.15, 5120.77, 4899.3, 5089.14, 745764, 0.0],
		
["20260209", 5299.1, 5322.35, 5265.08, 5298.04, 617658, 0.0],
		
["20260210", 5350.21, 5363.62, 5286.67, 5301.69, 712268, 0.0],
		
["20260211", 5293.75, 5374.23, 5257.53, 5354.49, 753767, 0.0],
		
["20260212", 5425.39, 5522.27, 5399.52, 5522.27, 750615, 0.0],
		
["20260213", 5513.71, 5583.74, 5480.92, 5507.01, 1290659, 0.0],
		
["20260219", 5642.09, 5681.65, 5614.97, 5677.25, 1185838, 0.0],
		
["20260220", 5696.89, 5809.91, 5684.58, 5808.53, 1749303, 0.0],
		
["20260223", 5903.11, 5931.86, 5792.57, 5846.09, 1477789, 0.0],
		
["20260224", 5853.48, 5969.64, 5775.61, 5969.64, 1602005, 0.0],
		
["20260225", 6022.7, 6144.71, 5984.28, 6083.86, 1415255, 0.0],
		
["20260226", 6121.03, 6313.27, 6107.41, 6307.27, 1409623, 0.0],
		
["20260227", 6197.49, 6347.41, 6153.87, 6244.13, 1166058, 0.0],
		
["20260303", 6165.15, 6180.45, 5791.65, 5791.91, 1227193, 0.0],
		
["20260304", 5592.59, 5672.12, 5059.45, 5093.54, 1637606, 0.0],
		
["20260305", 5250.92, 5715.3, 5248.13, 5583.9, 1660710, 0.0],
		
["20260306", 5491.02, 5609.98, 5381.27, 5584.87, 1223020, 0.0],
		
["20260309", 5265.37, 5327.42, 5096.16, 5251.87, 1026238, 0.0],
		
["20260310", 5523.21, 5595.88, 5427.88, 5532.59, 923210, 0.0],
		
["20260311", 5658.72, 5746.36, 5559.69, 5609.95, 1050946, 0.0],
		
["20260312", 5567.65, 5629.07, 5527.47, 5583.25, 801306, 0.0],
		
["20260313", 5412.39, 5537.59, 5392.52, 5487.24, 907656, 0.0],
		
["20260316", 5510.82, 5561.42, 5448.75, 5549.85, 1073860, 0.0],
		
["20260317", 5711.8, 5717.13, 5632.86, 5640.48, 1135071, 0.0],
		
["20260318", 5767.1, 5934.35, 5766.14, 5925.03, 1143772, 0.0],
		
["20260319", 5761.4, 5863.39, 5738.95, 5763.22, 1184170, 0.0],
		
["20260320", 5813.35, 5833.68, 5764.64, 5781.2, 1490805, 0.0],
		
["20260323", 5580.15, 5580.15, 5397.94, 5405.75, 1125620, 0.0],
		
["20260324", 5638.2, 5643.0, 5395.17, 5553.92, 1170518, 0.0],
		
["20260325", 5680.33, 5740.97, 5630.07, 5642.21, 763224, 0.0],
		
["20260326", 5594.06, 5598.37, 5448.12, 5460.46, 925093, 0.0],
		
["20260327", 5300.61, 5462.51, 5220.1, 5438.87, 900081, 0.0],
		
["20260330", 5181.8, 5297.35, 5151.22, 5277.3, 727391, 0.0],
		
["20260331", 5143.75, 5233.99, 5042.99, 5052.46, 1163312, 0.0],
		
["20260401", 5330.04, 5512.33, 5272.45, 5478.7, 958953, 0.0],
		
["20260402", 5551.69, 5574.62, 5170.27, 5234.05, 1428160, 0.0],
		
["20260403", 5375.5, 5419.45, 5316.42, 5377.3, 1185178, 0.0],
		
["20260406", 5423.35, 5505.61, 5404.91, 5450.33, 1110507, 0.0],
		
["20260407", 5552.19, 5594.9, 5424.46, 5494.78, 990449, 0.0],
		
["20260408", 5804.7, 5919.6, 5774.0, 5872.34, 932610, 0.0],
		
["20260409", 5826.45, 5862.41, 5757.49, 5778.01, 1026733, 0.0],
		
["20260410", 5876.12, 5918.59, 5850.83, 5858.87, 1002354, 0.0],
		
["20260413", 5737.28, 5827.73, 5730.23, 5808.62, 1083211, 0.0],
		
["20260414", 5960.0, 6026.52, 5938.33, 5967.75, 889491, 0.0],
		
["20260415", 6141.6, 6183.21, 6064.23, 6091.39, 923846, 0.0],
		
["20260416", 6149.49, 6231.03, 6126.06, 6226.05, 925695, 0.0],
		
["20260417", 6227.33, 6230.32, 6159.88, 6191.92, 689740, 0.0],
		
["20260420", 6213.92, 6278.36, 6176.75, 6219.09, 692878, 0.0],
		
["20260421", 6302.54, 6388.47, 6302.54, 6388.47, 792022, 0.0],
		
["20260422", 6387.57, 6423.29, 6318.51, 6417.93, 900140, 0.0],
		
["20260423", 6488.83, 6557.76, 6309.1, 6475.81, 1042392, 0.0],
		
["20260424", 6496.1, 6516.54, 6403.74, 6475.63, 878201, 0.0],
		
["20260427", 6533.6, 6657.22, 6529.19, 6615.03, 842664, 0.0],
		
["20260428", 6646.8, 6712.73, 6621.73, 6641.02, 1139472, 0.0],
		
["20260429", 6619.0, 6702.38, 6596.03, 6690.9, 717859, 0.0],
		
["20260430", 6739.39, 6750.27, 6597.83, 6598.87, 685459, 0.0],
		
["20260504", 6782.93, 6937.0, 6741.63, 6936.99, 873009, 0.0],
		
["20260506", 7093.01, 7426.6, 7093.01, 7384.56, 995692, 0.0],
		
["20260507", 7499.07, 7531.88, 7257.89, 7490.05, 767462, 0.0],
		
["20260508", 7353.94, 7511.01, 7318.96, 7498.0, 523091, 0.0],
		
["20260511", 7775.31, 7899.32, 7713.49, 7822.24, 731279, 0.0],
		
["20260512", 7953.41, 7999.67, 7421.71, 7643.15, 1021136, 0.0],
		
["20260513", 7513.65, 7855.47, 7402.36, 7844.01, 738739, 0.0],
		
["20260514", 7873.91, 7991.04, 7842.72, 7981.41, 849942, 0.0],
		
["20260515", 7951.75, 8046.78, 7371.68, 7493.18, 885627, 0.0],
		
["20260518", 7443.29, 7636.2, 7142.71, 7516.04, 566618, 0.0],
		
["20260519", 7425.66, 7446.57, 7141.91, 7271.66, 533509, 0.0],
		
["20260520", 7324.52, 7324.52, 7053.84, 7208.95, 492494, 0.0],
		
["20260521", 7486.37, 7819.23, 7486.37, 7815.59, 621082, 0.0],
		
["20260522", 7873.12, 7886.64, 7780.13, 7847.71, 435533, 0.0],
		
["20260526", 8070.91, 8131.15, 8008.19, 8047.51, 519551, 0.0],
		
["20260527", 8242.12, 8457.09, 8220.04, 8228.7, 619451, 0.0],
		
["20260528", 8165.73, 8253.6, 7841.01, 8185.29, 668951, 0.0],
		
["20260529", 8384.31, 8476.15, 8273.74, 8476.15, 735127, 0.0],
		
["20260601", 8485.67, 8874.16, 8485.67, 8788.38, 636175, 0.0],
		
["20260602", 8883.19, 8933.62, 8503.12, 8801.49, 632553, 0.0],
		
["20260604", 8623.82, 8759.05, 8577.3, 8639.41, 437896, 0.0],
		
["20260605", 8323.2, 8382.16, 8038.1, 8160.59, 463197, 0.0],
		
["20260608", 8048.09, 8048.09, 7442.73, 7484.41, 452204, 0.0],
		
["20260609", 7697.76, 8119.09, 7598.87, 8096.93, 448537, 0.0],
		
["20260610", 7899.77, 7996.68, 7541.11, 7730.82, 460877, 0.0],
		
["20260611", 7509.62, 7800.62, 7394.46, 7763.95, 478730, 0.0],
		
["20260612", 8263.85, 8434.4, 8079.77, 8123.62, 493406, 0.0],
		
["20260615", 8526.12, 8603.48, 8450.24, 8545.98, 516648, 0.0],
		
["20260616", 8696.55, 8753.82, 8540.41, 8726.6, 586337, 0.0],
		
["20260617", 8622.13, 8872.18, 8605.66, 8864.24, 571194, 0.0],
		
["20260618", 8884.92, 9106.07, 8867.34, 9063.84, 510940, 0.0],
		
["20260619", 9288.89, 9385.59, 8831.72, 9052.42, 517248, 0.0],
		
["20260622", 8954.43, 9253.0, 8900.68, 9114.55, 381081, 0.0],
		
["20260623", 9083.54, 9175.45, 8203.84, 8203.84, 488742, 0.0],
		
["20260624", 8356.79, 8577.52, 8080.99, 8471.02, 418169, 0.0],
		
["20260625", 8703.42, 9044.04, 8693.62, 8930.3, 456880, 0.0],
		
["20260626", 8813.18, 8861.7, 8126.84, 8411.21, 518473, 0.0],
		
["20260629", 8334.28, 8525.53, 8127.99, 8394.65, 371223, 0.0],
		
["20260630", 8416.7, 8667.73, 8220.8, 8476.48, 449824, 0.0],
		
["20260701", 8591.5, 8620.15, 8143.33, 8303.41, 468193, 0.0],
		
["20260702", 7933.1, 8136.28, 7616.33, 7648.09, 505157, 0.0],
		
["20260703", 7739.75, 8136.28, 7378.1, 8088.34, 465821, 0.0],
		
["20260706", 8186.82, 8327.26, 7815.53, 8051.33, 448691, 0.0],
		
["20260707", 7919.2, 7954.55, 7389.22, 7656.31, 516366, 0.0],
		
["20260708", 7452.48, 7791.66, 7186.21, 7246.79, 501071, 0.0],
		
["20260709", 7486.64, 7543.86, 7063.76, 7291.91, 582791, 0.0],
		
["20260710", 7552.49, 7704.93, 7429.51, 7475.94, 453242, 0.0],
		
["20260713", 7412.03, 7529.07, 6783.43, 6806.93, 474085, 0.0],
		
["20260714", 6769.06, 6979.92, 6448.86, 6856.83, 491599, 0.0],
		
["20260715", 7082.91, 7424.18, 7082.91, 7284.41, 397854, 0.0],
		
["20260716", 6960.5, 6995.93, 6730.87, 6820.6, 424280, 0.0],
		
["20260720", 6643.58, 6814.86, 6472.8, 6516.27, 345825, 0.0],
		
["20260721", 6553.88, 6836.86, 6429.03, 6747.95, 391092, 0.0],
		
["20260722", 7052.09, 7166.0, 6791.06, 6797.7, 373810, 0.0],
		
["20260723", 6963.35, 7108.44, 6892.64, 7096.89, 397346, 0.0],
		
["20260724", 7000.78, 7000.78, 6650.41, 6690.62, 397655, 0.0],
		
["20260727", 6806.27, 6806.27, 6557.39, 6755.75, 275718, 0.0],
		
["20260728", 6400.27, 6413.57, 5992.91, 6023.66, 331261, 0.0],
		
["20260729", 6089.11, 6228.52, 5262.77, 5663.24, 457385, 0.0],
		
["20260730", 5681.77, 5976.82, 5547.41, 5593.56, 378859, 0.0],
		
["20260731", 5657.79, 6630.77, 5629.76, 6595.45, 434445, 0.0],
		
["20260803", 6358.27, 6393.0, 6223.29, 6257.45, 272959, 0.0],
		
["20260804", 6351.38, 6389.4, 6080.25, 6358.95, 312997, 0.0],
		
["20260805", 6603.48, 6674.66, 6540.27, 6598.26, 338500, 0.0],
		
["20260806", 6478.75, 6550.94, 6238.32, 6296.38, 284501, 0.0],
		
["20260807", 6365.07, 6415.6, 6158.73, 6258.77, 299377, 0.0],
		
["20260810", 6306.33, 6394.06, 6232.45, 6299.66, 293734, 0.0],
		
["20260811", 6240.06, 6405.81, 6213.78, 6345.53, 333481, 0.0],
		
["20260812", 6438.5, 6668.43, 6413.5, 6579.04, 360651, 0.0],
		
["20260813", 6773.92, 6895.63, 6748.13, 6813.34, 418947, 0.0],
		
["20260814", 6995.67, 7010.86, 6848.43, 6977.94, 332942, 0.0],
		
["20260818", 7127.77, 7216.62, 6788.78, 6869.83, 402682, 0.0],
		
["20260819", 6528.77, 6614.39, 6400.81, 6471.17, 305840, 0.0],
		
["20260820", 6680.34, 6904.55, 6600.09, 6852.58, 304468, 0.0],
		
["20260821", 6759.95, 6954.12, 6742.44, 6912.95, 408037, 0.0],
		
["20260824", 6881.07, 6884.57, 6656.07, 6696.96, 267733, 0.0],
		
["20260825", 6535.93, 6747.16, 6408.82, 6742.74, 286782, 0.0],
		
["20260826", 6727.25, 6887.18, 6704.1, 6808.21, 329362, 0.0]
		
	
	

]
